4614
16761	17347	0
16787	14554	0
15293	11002	2
15675	2056	0
2029	951	2
7927	96	0
7022	7025	0
5969	1051	0
5933	499	2
8256	582	0
8440	5215	0
12642	82	0
11882	2916	2
1646	736	0
3572	2422	0
3843	102	0
1235	1239	0
2388	2405	1
3701	6210	12
12424	2844	0
7415	1304	0
8995	6852	0
16082	7399	0
3459	545	0
1155	3941	1
2065	33	0
12017	2988	6
15471	1583	11
13301	307	0
8498	67	0
15430	1776	0
10880	7191	0
10227	10228	0
12943	135	2
6845	3626	0
18108	18114	1
15483	15484	0
2627	2629	0
1423	1426	0
3688	2201	2
2942	2946	2
5376	5378	0
5543	5546	2
17006	13541	0
7037	7038	3
11620	703	0
15163	403	0
4001	292	0
2964	240	0
11237	299	2
1366	566	0
15751	2314	0
8887	1776	0
5119	4281	1
8311	3590	2
1109	1114	9
9146	519	0
15581	511	0
14459	1125	0
13946	395	0
14617	5032	0
1978	19	0
10413	985	0
11059	3250	0
15696	6145	0
13428	12881	0
3185	3188	0
11728	1772	0
133	147	1
10238	1761	0
4432	1199	1
7243	7244	0
9109	9113	0
12244	721	0
1693	1696	2
15223	1384	10
9321	391	0
2940	1242	0
1771	1776	0
4368	4371	0
9005	1281	0
14286	2652	0
577	578	0
5652	5655	0
7210	4973	0
11439	171	0
6348	6349	3
13200	751	0
12923	1916	0
5205	1616	0
5150	5151	0
14109	249	0
10575	2649	0
16983	16985	0
2347	5305	12
9958	1198	1
11519	1871	0
7634	3635	3
2463	229	0
4191	217	0
8127	442	0
14482	1092	1
5667	5671	0
5358	26	0
11889	11896	1
13214	1054	0
8797	15878	1
12181	985	0
7125	1967	0
3428	3263	0
7749	932	0
10267	1052	0
13988	8577	1
7230	7234	1
10560	101	0
11276	11278	0
13707	13708	0
17446	17450	1
8573	8587	1
16654	593	0
15229	16818	5
2865	4208	1
16438	16445	3
8522	5485	0
2637	2649	0
6035	6037	0
13078	733	0
12377	7321	0
10833	374	0
8420	17538	9
5297	5299	1
5999	759	0
400	404	0
4732	641	2
17434	17435	0
14180	1574	11
639	645	2
10558	4040	0
16428	16429	3
5601	1405	0
7709	3673	0
10877	306	0
3634	2667	1
904	96	0
10978	1743	0
6126	1832	0
6945	4422	0
13307	1604	6
11989	1251	0
298	5299	1
3707	3711	0
5849	938	0
6218	3251	0
15717	14622	0
4767	4770	0
12268	9838	0
13953	13960	0
16229	10588	0
5307	332	0
8403	1763	0
16979	3406	0
14376	414	0
1994	1997	2
4199	2351	1
17675	416	0
4544	4547	2
5476	2791	0
1397	1251	0
16761	16762	1
8644	1869	0
14447	3442	0
7100	315	2
14494	1657	0
4274	2794	0
10025	925	0
11878	8212	0
14784	9243	3
6575	251	0
8381	2185	2
3115	232	0
14627	5910	0
1955	1958	0
6228	3590	2
17746	17749	0
6578	6579	0
666	679	1
14301	2226	1
8167	2653	0
7305	7310	0
16905	16906	0
6382	123	0
8307	71	0
7379	7380	2
4057	3699	0
9127	1384	10
6127	6129	0
5584	5585	0
4550	5	0
8867	1864	0
15305	4910	0
14710	4553	0
15495	246	0
13295	898	0
11612	8198	6
5643	706	0
14810	14811	0
9961	6915	0
9237	2424	0
8313	6750	0
14571	1763	0
12944	1726	0
2074	5404	6
4716	957	1
6131	1770	1
1777	1308	0
17009	4696	3
8291	8294	1
1488	1492	1
12533	2209	0
9941	2997	0
1994	1995	2
3987	3990	1
14693	14694	0
12762	1473	6
12493	10	0
7312	2189	2
11941	11943	0
15756	3559	11
15742	1490	1
10218	305	0
13246	489	0
9837	5497	0
7970	243	0
3467	1602	6
8037	4170	1
10841	5711	3
6461	1601	6
4818	235	0
13916	924	0
14463	14467	3
6874	6076	0
12261	11339	0
9970	9975	0
13951	3087	0
5520	241	0
2109	248	0
13720	1346	0
12152	3593	0
13640	3372	0
14371	14373	3
15069	1556	11
2722	839	0
4976	4978	0
14450	14084	1
16994	1531	0
6793	95	0
4997	1122	0
2964	403	0
11746	3034	0
10472	10474	2
11852	2385	0
7407	7410	0
4131	66	0
2779	80	0
14549	842	6
17313	17321	1
3509	5164	1
5822	986	0
9073	4722	1
11617	524	0
2894	1104	1
14353	2660	0
11469	5613	9
13159	1341	0
5331	5336	0
14841	5021	0
15784	1036	0
4583	1963	0
11006	3103	0
16309	119	0
8999	961	0
12575	3737	0
6348	5051	3
2253	2254	3
11292	1478	0
17232	17233	0
8757	299	2
2996	2807	0
4187	3590	1
11876	1196	1
16916	4204	1
12922	1380	0
1782	1783	0
10774	2834	0
12680	13614	2
10794	1984	0
9216	4675	3
7955	2004	0
15528	993	0
7778	7780	0
7903	7905	0
6760	6764	0
3657	3660	0
16801	7003	0
16872	10979	0
262	271	1
5009	931	0
2072	4488	1
9227	3941	1
11459	2308	0
11378	11381	0
7320	5018	0
10880	10881	0
12142	12144	3
16826	5236	0
12553	8252	0
7927	872	0
7252	2262	3
7440	7447	1
14253	964	0
18108	1490	1
4323	3244	2
11292	1478	0
1838	1846	2
11622	11623	0
4851	4861	1
6715	1133	0
4587	626	0
11677	832	0
14039	717	0
13556	13557	3
1060	1063	1
7838	7849	1
2964	994	0
2562	7644	1
4057	376	0
8876	2478	3
6870	2202	1
14877	14879	1
4137	124	0
16872	4220	0
9899	4019	0
3557	1572	11
869	874	0
11910	1869	0
3492	5155	1
6934	6937	0
7150	2551	0
15935	589	0
1067	554	0
11861	10787	1
2772	1898	0
8497	135	2
9958	1197	1
6409	575	0
7715	3163	1
2376	2377	0
7603	1019	0
2406	303	0
11498	523	0
16051	16052	0
365	367	0
5911	2614	0
16904	391	0
5569	587	0
2627	347	0
4187	3943	2
13135	6725	1
5347	278	0
11290	932	0
16215	1779	0
5830	1383	10
14776	1411	2
5390	374	0
15747	8480	0
8999	4403	0
493	504	1
8660	2179	2
17077	1926	0
15616	14302	1
7683	917	0
10372	3035	0
11999	5215	0
15785	2204	2
17014	17020	1
3608	3610	0
10302	10303	0
15563	2844	0
2865	299	2
13426	7510	0
13596	3682	0
12130	2850	0
15735	2309	0
10005	3121	0
12017	12019	6
17107	3135	0
3036	3039	0
3123	1761	0
8348	2717	2
7917	7479	0
9927	3442	0
5237	5258	2
4597	916	0
6611	11892	1
6215	6216	0
9858	9860	0
12982	2308	0
15539	538	0
5383	5385	0
10602	3087	0
5069	1433	0
13643	3856	0
3274	1576	11
9259	124	0
2360	2362	0
6811	857	0
4716	4719	2
9318	8723	0
13763	13765	1
7169	1041	0
11971	96	0
8908	691	0
6058	2301	0
16659	605	0
14278	69	0
5737	1764	0
2708	1943	0
5063	5065	6
14739	5485	0
14876	3714	0
10794	1984	0
3868	1275	0
16682	17059	1
12796	3	0
4059	4061	1
11696	299	2
1973	2984	6
14888	4588	0
6249	6250	0
9023	9025	1
17595	15617	1
8768	4765	6
11458	1288	0
6580	4023	0
11113	96	0
14736	546	0
10585	135	2
13593	10869	0
8282	902	0
13324	10800	0
13802	1718	0
10983	701	0
8231	5207	0
4053	4056	0
3918	54	0
10406	10408	2
936	928	0
15955	15956	0
14176	620	0
11519	2611	0
14450	2356	1
11936	11937	0
11618	477	2
12443	12444	0
9987	4275	0
3302	2419	0
16852	16855	6
10006	2663	1
10282	580	0
3739	1273	0
13085	6901	0
2687	274	1
6228	6233	2
13556	2480	3
16152	16158	0
4672	4684	3
17439	17444	1
2344	204	0
6887	2551	0
15404	16302	3
1174	91	0
3842	1532	0
5034	5035	0
12466	6685	1
2658	254	0
15660	5870	3
9106	403	0
2242	2250	0
6837	458	0
9343	2303	0
14799	2167	1
9055	9056	0
15493	5037	21
13591	2840	0
10143	137	1
262	268	2
10428	985	0
1712	1714	0
13438	875	0
14352	3064	0
16199	16201	0
12021	875	0
10381	10385	1
13667	29	0
7257	2382	0
6410	3	0
15118	63	0
10273	3928	3
4297	4299	2
16027	16028	2
11483	2630	0
3141	1467	0
6845	3626	0
15059	2717	2
9036	898	0
12912	907	0
9055	3294	0
17742	17743	0
15823	80	0
1838	1843	2
8553	8555	0
6882	4560	0
8177	1054	0
9986	520	0
1838	1844	2
2196	2197	2
17592	5043	0
7784	17633	11
11209	11211	0
12943	193	2
4520	4527	1
3249	3143	0
7440	3412	2
10808	10809	3
7603	6963	0
15387	2482	3
12971	4020	0
11213	415	0
12920	2182	2
2139	1427	0
10379	2626	0
7317	193	2
1994	1195	1
14888	4400	0
14180	1573	11
5911	5913	0
10124	1954	0
10206	360	3
9601	11083	1
11343	172	0
4795	4359	0
11985	255	0
5382	863	0
13002	9964	0
2620	1104	2
5962	5963	0
5786	1870	0
880	884	0
4664	712	0
11286	6344	3
9016	2256	3
2779	770	0
2196	2197	2
5119	5122	1
4240	2225	1
3492	7750	1
3282	2121	12
15530	15532	2
12699	12703	0
12991	3737	0
16983	16988	0
3742	1984	0
7974	3610	0
6236	193	2
1646	1648	0
5628	304	0
14055	777	0
7575	7578	28
7683	1318	0
7345	1531	0
12679	2110	0
5496	3714	0
3015	520	0
9360	9369	1
14041	3571	2
7260	7265	1
7199	16418	9
6434	219	0
13101	1850	0
5119	4236	1
17009	2262	3
7545	3179	0
3126	923	0
14151	6320	1
12847	12848	0
12830	1003	6
7440	7450	2
16248	2320	0
10562	912	0
3126	87	0
10026	2549	0
6756	2263	3
6251	922	0
7432	5759	0
1856	2122	12
15388	551	0
10095	4188	18
14367	14370	10
11805	7524	1
7161	135	2
14692	1472	6
7776	862	0
15909	5251	2
11938	1802	0
15221	167	0
5476	4223	0
9250	4864	0
10018	1154	0
15677	15679	1
6442	460	0
11483	1287	0
2178	2187	2
1141	1142	0
2029	2033	2
11749	1734	0
12746	17563	1
2431	2440	0
8858	704	0
7440	1700	2
11908	241	0
11276	7561	0
16205	16211	1
15757	9245	0
15131	1574	11
2687	274	2
14771	3590	2
12036	1799	0
12613	924	0
7413	1948	0
6707	2922	2
10345	3371	0
6711	3715	0
14198	824	0
1352	2121	12
1903	87	0
3698	911	0
7789	489	0
5929	1763	0
5275	1351	0
4572	732	0
8528	7670	2
10026	6167	0
11129	4416	0
13113	6529	0
14151	14154	1
4966	329	0
8359	249	0
14124	1133	0
2880	391	0
6795	2989	6
5482	193	2
628	632	0
10287	320	2
15181	1005	6
6437	501	1
15666	12048	0
3073	3077	0
2193	2195	0
5260	766	0
2018	2019	0
4469	910	0
2242	2246	0
5652	79	0
9281	324	0
16782	15849	3
3073	2546	0
2425	412	0
8937	6778	0
7440	7441	1
10124	1951	0
9876	4821	0
8264	8269	2
10217	730	0
4623	553	0
9259	463	0
15341	3933	0
13190	13191	0
3936	3939	1
15539	5555	0
2313	2317	0
8502	9164	1
14689	251	0
14701	14704	1
841	845	6
10206	355	3
4824	2420	0
2431	2435	0
16927	8385	1
5813	238	0
10413	1720	0
5476	4223	0
13335	6970	0
3832	4027	1
5777	404	0
11461	3358	1
6741	4829	0
4432	1193	1
3721	3344	0
10502	1195	1
11237	11898	1
12621	2261	3
6239	6243	0
6563	1156	1
7203	7204	0
13192	13193	0
6523	397	0
10218	180	0
10579	10581	5
14439	3024	0
6148	3425	9
3927	18151	1
10079	1618	0
7689	1849	0
15187	5766	0
7791	1904	0
13801	2271	0
4228	888	0
12101	5404	6
5919	812	0
12886	6340	1
15624	5128	2
3440	595	0
7685	118	0
11790	1288	0
10174	2394	1
1451	1453	0
11876	1195	1
1838	315	1
11702	11704	0
1410	3241	1
3731	3733	0
9353	929	0
2619	2122	12
13272	237	0
5381	1496	2
13249	601	0
10834	3038	0
10005	2240	0
5985	5681	3
8563	1175	0
1596	1113	6
5969	5313	0
15747	901	0
12626	5793	2
13032	115	0
9259	3023	0
11835	245	0
12506	7904	0
14145	925	0
7030	4784	1
7016	1762	0
12746	17564	1
5438	23	0
15915	11047	3
9987	534	0
16870	16871	0
7545	7510	0
13128	11527	0
3036	3038	0
1355	938	0
13916	3064	0
17009	2261	3
11343	556	0
8347	559	0
4232	3090	0
7055	1721	0
13031	248	0
6660	722	0
7761	3176	0
2872	1725	0
12494	938	0
1299	2122	12
10863	4696	3
10112	2502	1
14277	597	0
14363	2258	3
12490	1784	0
15293	11002	2
1992	135	1
7927	449	0
2906	2908	0
11655	9967	0
14033	8210	0
14365	1648	0
10552	10553	0
12383	3378	0
6962	4560	0
9308	243	0
16031	3446	0
9915	2976	0
13596	213	0
7811	620	0
1780	2121	12
9258	2226	1
10624	1246	0
532	538	0
12050	12053	1
10048	1735	0
7461	2694	0
5982	4470	0
16438	16440	3
7858	1541	1
1992	135	2
5306	1500	2
7166	7168	0
1994	1197	1
12221	453	0
4761	4763	6
16857	5879	0
7791	7792	0
16126	13161	0
3874	1632	3
15316	15317	0
15563	15565	0
14176	12056	0
15886	15889	1
1838	315	2
11255	176	0
3807	39	0
3388	1959	0
12430	5808	0
2029	951	2
3830	391	0
17209	14044	1
12255	12256	0
17305	17312	0
7928	414	0
7241	758	0
12608	4787	1
9227	8352	1
12108	12109	0
2388	2403	1
10281	2004	0
565	573	0
8141	8143	6
14035	632	0
10379	2213	0
8656	7866	0
5595	1850	0
7826	1404	0
3675	3676	0
11274	11275	0
2622	2213	0
9304	437	4
17146	17147	0
16508	4812	6
5056	207	0
9224	3653	0
3830	931	0
15162	2060	0
10824	10825	0
14371	14375	3
7365	6531	0
8498	1895	0
114	23	0
10214	226	0
12216	11501	0
6100	6101	0
5543	2037	1
11028	889	0
12007	2502	1
11904	9150	6
17939	17940	0
16782	16783	3
11750	1274	0
11455	4673	3
11322	17221	10
2872	2623	0
12108	67	0
17375	1943	0
12181	23	0
743	749	0
11971	117	0
1132	1136	0
1155	1165	2
2109	2111	0
4357	3006	0
11567	863	0
9079	3752	0
5237	5245	2
7050	80	0
5119	5127	1
14792	214	0
11926	4091	1
14792	14793	0
14051	14052	0
8307	907	0
14972	1195	1
12957	2097	0
6816	1284	0
493	503	1
9911	792	0
9100	1650	0
5687	5688	0
8064	3590	2
12439	136	1
14206	1274	0
10545	1338	0
9087	4887	0
4231	529	0
8818	759	0
9892	529	0
14123	1655	0
6719	4030	1
1786	1787	0
16750	16753	1
4080	4086	1
12540	12541	6
10604	85	0
6405	586	0
16948	16951	0
7895	1708	0
9956	291	0
4274	63	0
9958	1195	1
12632	72	0
15660	15664	3
7898	253	0
1358	1364	0
1094	1102	2
11558	6159	1
10832	488	0
4274	1870	0
8403	4668	0
7638	755	0
2826	2827	0
16180	2820	0
7440	2955	2
3981	3984	0
7463	7467	0
5731	134	1
6495	3550	0
13895	4853	1
5381	1498	1
1838	641	2
12165	3590	2
13247	3059	3
3533	2121	12
223	2121	12
2146	2152	1
9000	2848	0
14571	1762	0
9132	1828	1
1918	1924	0
11877	915	0
14972	1199	1
11158	5797	0
4210	128	0
9018	1587	11
3693	1666	0
262	271	2
4795	746	0
10785	118	0
10964	16960	1
9952	193	2
2339	2340	0
2082	2122	12
13344	18118	6
13785	2367	0
13232	923	0
12939	981	0
13202	7286	1
4997	1764	0
12255	12256	0
14615	12726	0
298	299	2
10438	4000	0
13699	13703	1
4389	4395	2
12499	5847	0
11158	1154	0
10102	10103	0
388	2122	12
4164	1309	0
11940	11232	0
3065	3068	0
17746	17748	0
12375	907	0
6872	759	0
6202	832	0
5119	2188	1
2637	1085	0
12040	2939	0
846	852	0
11602	597	0
10370	2382	0
12869	2660	0
1807	40	0
4535	397	0
11756	961	0
10266	534	0
11845	11271	0
1155	1159	2
6887	236	0
660	664	0
4293	4294	6
10973	2382	0
15319	1518	0
12439	18172	11
8502	150	1
13562	13565	0
4916	4917	0
15434	2717	2
7724	1735	0
13159	1830	0
811	822	0
13649	2240	0
11685	1573	11
17365	458	0
666	675	2
9892	3737	0
5833	5596	0
8484	702	0
3437	324	0
4186	722	0
16605	16607	3
9016	2261	3
7715	7717	1
2527	2528	0
4050	709	0
10204	769	0
4657	4661	1
3388	217	0
8671	8222	9
15304	11990	0
3774	1400	0
15953	1548	0
11716	567	0
11129	1743	0
4531	3080	0
6458	3982	0
9920	2210	0
4757	4758	10
11057	3623	0
15239	5624	0
5093	2004	0
9238	4	0
9325	1725	0
9966	118	0
12801	135	2
10021	1587	11
9956	9957	0
1668	1125	0
3147	1467	0
6680	1657	0
4851	4854	1
3599	299	2
13875	5023	0
984	989	0
15131	1576	11
14892	464	0
10570	172	0
16265	16266	0
2889	1639	2
12693	1966	0
6558	833	0
8903	2310	0
1668	213	0
7727	2213	0
1495	1496	2
9987	124	0
14209	14210	0
7440	7449	1
14561	1048	0
7685	3116	0
10699	2192	2
7390	7392	0
8994	396	0
10119	4864	0
6585	27	0
6575	706	0
6745	6747	0
13652	523	0
4698	82	0
5757	5763	0
7062	821	0
15735	555	0
13266	173	0
17812	1424	0
16105	449	0
16096	16098	0
16990	1859	0
12661	17059	1
10832	1673	0
7929	238	0
5686	589	0
12720	2988	6
7230	4204	1
12755	139	1
17090	17097	6
10504	7891	2
8683	299	2
831	835	0
10058	1095	2
5520	691	0
4534	2333	9
15652	15655	0
14618	818	0
14494	6194	0
9147	1601	6
4556	617	0
6870	2197	2
17107	1375	0
8465	759	0
4252	193	2
8734	6242	0
12708	898	0
11549	4453	0
13407	2710	0
7564	2500	1
15283	1046	0
10366	6347	3
14560	249	0
2651	1251	0
8791	1383	10
8440	8444	0
14498	254	0
10370	2702	0
10312	759	0
7554	299	2
8598	8599	0
7917	3251	0
11292	2834	0
8305	8306	0
2596	290	0
3925	1246	0
7829	3585	0
3657	3662	0
2013	2016	0
6962	1849	0
10374	91	0
3492	7751	1
10816	530	0
3440	595	0
6833	977	0
13128	1964	0
1155	1160	2
2772	3	0
11642	10020	0
6837	3653	0
10828	10829	0
7053	2660	0
2722	2723	0
2620	14154	1
6047	1342	0
16049	342	0
7042	7044	0
15076	15077	2
1296	1298	9
13150	1275	0
10389	2482	3
11031	1428	0
11328	11333	3
3925	556	0
1682	1491	1
8291	2921	2
1838	313	1
12433	4816	6
5922	13238	3
8381	1695	2
7419	2230	1
12632	7459	0
15583	15588	1
12635	759	0
9911	9914	0
4732	3246	1
6226	236	0
14573	4568	0
8823	8825	0
11267	1261	1
7804	471	0
7395	7396	0
133	159	1
831	833	0
10995	632	0
10417	10418	9
1109	1001	6
12847	12848	0
9234	1464	0
6473	6476	0
3819	3820	11
2463	1	0
10833	2413	0
9837	6782	0
11825	709	0
15199	102	0
6567	1832	0
11237	299	2
6385	2696	0
5569	938	0
11388	278	0
1289	341	0
5296	1762	0
4892	1460	0
5358	5359	0
1961	1967	0
13255	242	0
12021	2247	0
212	220	0
12005	2938	0
10515	5451	0
13784	2052	0
6124	545	0
2027	2028	2
7050	1529	0
13390	25	0
1777	204	0
16454	3091	0
11949	11951	0
4817	299	1
10488	252	0
6783	6784	0
16088	16089	0
15601	13838	0
11577	278	0
4537	135	2
11300	11304	9
7213	3045	0
5296	213	0
8671	4816	6
11569	4267	0
3853	2362	0
14726	1915	0
8264	4393	2
1049	1053	0
11601	913	0
7509	3623	0
12656	4020	0
11132	7261	1
1269	1270	0
11582	1464	0
11045	11047	3
14308	464	0
16667	286	0
7690	3590	2
6535	3593	0
1782	1242	0
17887	17888	0
3394	3398	1
10625	2176	0
3497	11411	1
10238	1154	0
15292	27	0
3123	521	0
2620	1104	2
15292	5090	0
12586	12589	1
12947	2831	0
983	2122	12
7130	1403	0
9892	453	0
3323	253	0
6188	6190	0
15229	12301	21
13216	3749	0
10545	2709	0
5456	1290	0
5772	1046	0
9931	2282	0
7594	4182	0
2880	925	0
4442	379	0
8948	3176	0
7315	771	0
6045	499	2
4050	47	0
4164	4166	0
16860	16862	3
8305	1650	0
2622	2626	0
639	315	2
3224	16875	1
14727	217	0
10260	6782	0
4189	1592	11
2762	1102	1
8939	8944	0
8410	832	0
11575	1005	6
6437	501	2
10024	765	0
2021	2121	12
3643	3644	0
10860	1546	0
10222	1803	0
15860	7657	1
11836	3889	0
4228	301	0
12538	1472	6
11121	5770	0
8395	3202	0
3672	3673	0
1903	88	0
16219	916	0
9270	159	1
7942	1347	0
14463	14465	3
14679	13250	0
5814	232	0
10058	1098	2
14180	1593	11
5982	4471	0
11754	1632	3
12694	11718	0
14778	527	0
7895	7896	0
4402	4412	0
6437	501	2
15305	15307	0
17068	1583	11
5691	759	0
8313	207	0
7432	4634	0
17887	6999	0
16039	7224	1
6663	2176	0
13562	13569	0
7061	898	0
7171	213	0
11882	2916	2
8623	87	0
6089	6091	0
12626	9139	1
104	2122	12
4537	2717	2
2808	117	0
7252	5371	3
9269	309	0
13856	277	0
17102	626	0
5395	5396	9
16060	16063	1
12621	2480	3
6362	2372	0
4883	6269	6
666	674	1
12951	497	2
16049	592	0
5822	985	0
6900	6907	0
11541	4758	10
4152	247	0
16660	5591	6
17005	1593	11
8161	3942	2
7917	397	0
11883	2717	1
1847	1852	0
7946	7947	0
9839	9842	1
15896	12211	3
11267	16877	3
493	500	1
9911	790	0
11681	513	0
12106	67	0
6656	1506	1
11948	971	0
4050	4051	0
6350	6351	1
4959	3448	0
6663	383	0
5199	3536	0
10206	360	3
4375	801	0
3672	993	0
8348	5870	3
3985	966	0
6748	6753	0
7895	63	0
7890	7891	2
7169	3623	0
14539	1849	0
5382	758	0
3936	2036	2
7095	1735	0
10206	10207	3
5731	5732	1
5034	1895	0
14551	14554	0
5973	5975	0
660	662	0
12164	337	0
2620	1102	2
15583	10475	2
8745	923	0
4286	4287	0
475	480	2
6127	3737	0
3976	3977	2
5988	303	0
1439	1335	0
12599	554	0
7027	336	0
15955	15956	0
5237	5244	2
11858	115	0
10861	4895	0
17439	17441	1
189	2122	12
4976	832	0
7379	7384	1
13233	1944	0
7532	2185	1
8686	2263	3
8619	1113	6
5022	5026	0
3416	10839	1
6565	26	0
10768	840	0
13109	1761	0
14496	3212	3
17217	5409	1
5773	468	0
5833	1341	0
4503	4506	1
3549	3552	0
6715	2382	0
11494	4028	1
14931	123	0
17646	17659	0
1994	2000	1
8733	5	0
5382	1134	0
10504	7891	2
1847	1848	0
11539	11540	1
7365	5926	0
3509	5168	1
11307	278	0
6030	6033	1
4562	5	0
16680	6489	0
5988	5990	0
6583	587	0
11771	4908	0
12457	7524	1
16048	621	0
2598	1757	0
12532	977	0
7185	1482	0
12448	6849	0
8768	4762	6
9256	2	0
5815	253	0
13836	6119	0
797	808	0
4810	286	0
14670	1584	11
5324	5328	2
14098	5161	1
3258	3124	0
6799	1383	10
14638	14117	0
13895	8135	1
12828	1384	10
12517	2610	0
4350	4351	0
9970	2636	0
9237	2424	0
3702	3704	1
16996	10181	1
9258	7224	1
11141	749	0
8288	8290	0
11227	9092	1
10446	4162	0
14181	5890	1
9201	3552	0
1847	700	0
12142	6986	3
12839	12845	0
3574	3578	0
8755	135	2
11712	214	0
17675	5771	0
9956	1730	0
11815	11816	0
9001	9002	11
15871	16992	1
3440	596	0
3437	3109	0
13123	5861	0
8704	3055	3
14482	1091	2
17122	11149	0
2787	1384	10
8347	1273	0
12949	12950	0
15191	5238	2
15736	731	0
14521	14523	0
1838	644	2
5815	3661	0
11926	17460	3
10799	1046	0
1505	1508	1
12512	1125	0
8502	4083	1
5795	3080	0
10778	523	0
11708	443	0
10572	3610	0
131	2122	12
3987	3990	2
2294	2295	0
14849	14851	0
15860	3973	1
10205	837	0
9872	8212	0
10582	2703	0
5933	502	1
1344	1346	0
11777	5446	0
12759	2262	3
10082	9233	0
9991	1345	0
11214	1464	0
2235	166	0
7546	119	0
16693	11963	19
11394	2886	0
10018	559	0
12728	609	0
1524	29	0
10977	99	0
15739	15740	0
13008	5115	0
10174	6733	1
4903	4904	0
11370	11373	1
4375	809	0
13310	1593	11
13853	2417	0
8945	1144	0
17711	17714	33
7706	193	2
5476	4224	0
13314	1725	0
4579	2975	0
15430	3331	0
10729	2192	2
10347	10350	0
7549	2426	0
16680	812	0
17295	16606	3
12752	12754	0
13689	166	0
8438	4028	1
6015	6017	1
16760	648	1
7765	2918	2
5119	5121	1
12608	4083	1
16199	6901	0
1786	240	0
6969	3933	0
10025	925	0
3890	1632	3
5571	759	0
10472	2030	2
10465	247	0
4059	1411	2
2596	1288	0
4916	1085	0
8889	545	0
13988	8582	1
9049	337	0
493	496	1
4137	589	0
5810	4192	0
10381	2925	1
6511	2208	0
15696	15697	0
4716	4721	2
2059	2060	0
8756	1762	0
2762	1102	1
845	14106	10
16682	16688	3
11209	4774	0
6820	1247	0
15123	684	0
6681	299	1
2313	1241	0
13183	7313	1
10363	1481	0
15764	15767	0
15348	286	0
5297	5302	1
698	580	0
10260	5497	0
4228	4229	0
3354	3362	1
10642	299	2
7171	1762	0
14931	682	0
11300	17967	9
557	226	0
2242	2244	0
14790	14791	0
10847	4229	0
10880	4516	0
689	691	0
1554	1584	11
12661	17421	1
10082	10083	0
2013	169	0
11729	82	0
12016	135	2
6565	119	0
14617	6155	0
1141	519	0
5626	299	2
4199	299	2
13973	13976	1
10824	5884	0
7385	1427	0
2915	2952	2
14103	1998	1
666	672	1
15496	871	0
13162	1760	0
7184	281	0
17723	17728	0
6807	3064	0
5234	4192	0
5586	825	0
12055	396	0
13624	2355	1
13078	243	0
2604	1657	0
6253	541	0
6382	2789	0
17550	17553	1
8887	1775	0
12573	1401	0
13219	7015	0
17365	3626	0
4382	93	0
8876	2264	3
13295	339	0
15667	2225	1
8686	1632	3
4347	4224	0
1733	888	0
11876	1195	1
10983	10988	0
5626	299	2
15755	215	0
10283	10284	0
2045	2056	0
2687	274	1
2371	608	0
12128	4263	0
4706	3372	0
7838	7845	1
2212	907	0
2865	195	1
2459	2461	0
12612	1811	0
7692	5663	0
11314	3983	0
17086	3146	0
131	2121	12
6038	928	0
6156	1641	1
12017	2991	6
6058	3626	0
1550	232	0
16624	5880	0
8421	730	0
4607	4610	0
14911	7306	0
1386	1394	2
10816	4560	0
3544	2426	0
8454	1236	0
13314	2753	0
17305	17308	0
14597	14602	1
13553	13554	3
12129	1573	11
8461	1272	0
3830	929	0
6891	618	0
8816	393	0
9132	9143	1
15395	168	0
11722	1725	0
5953	2314	0
11625	1196	1
8563	3182	0
12677	512	0
2655	1919	0
15830	167	0
8937	216	0
8729	6724	1
5988	3883	0
5595	5597	0
5491	691	0
10247	898	0
4732	2918	2
8151	1051	0
7696	7561	0
12634	299	2
3311	3316	0
9213	2816	0
7257	395	0
5223	5225	2
13852	1983	0
10312	1869	0
15955	253	0
4739	4193	0
10257	2262	3
8404	4558	0
2859	1632	3
1280	1281	0
11596	6349	3
9205	1783	0
6861	734	0
8686	1632	3
13428	3091	0
10598	17356	10
7062	748	0
17107	17108	0
14198	14199	0
2080	5305	12
16787	6395	0
13417	15692	1
6687	102	0
16000	12089	0
3830	833	0
6319	2766	1
11558	7766	1
373	384	0
13692	2050	0
10977	101	0
12628	554	0
639	643	2
7939	7940	0
7894	2009	0
15357	889	0
14146	14148	3
14551	2754	0
12925	12929	1
3515	1744	0
10119	4909	0
5911	5881	0
6791	4589	0
12709	395	0
8708	1982	0
3416	3417	2
10065	24	0
1838	1842	2
14271	2176	0
5649	2135	0
13590	687	0
14897	13041	0
7646	7663	1
2266	5304	12
6204	6205	0
6188	6196	0
6554	585	0
17071	80	0
3255	18	0
10472	10482	2
11596	2258	3
4402	4407	0
3096	3098	0
2521	1073	1
8859	8865	3
8112	17900	1
6791	252	0
4625	1866	0
16454	3091	0
15296	3412	1
14897	1619	0
15166	2265	3
15605	15607	0
5685	1104	2
6697	3442	0
12059	2717	2
1007	1020	0
8916	17072	10
10174	10193	1
11936	7472	0
2281	2283	0
1386	1394	1
8502	9179	1
15192	324	0
11904	9149	6
14051	1898	0
4583	882	0
11771	2208	0
11434	5450	0
811	821	0
11368	11469	9
15951	302	0
15296	4283	2
7888	2177	0
4749	4750	0
5367	100	0
12999	2597	0
1817	26	0
1554	1588	11
10628	4263	0
3810	910	0
13260	11100	1
2677	2123	12
1794	1797	0
5731	2162	1
14041	3940	1
5708	112	0
10802	555	0
10832	1760	0
4356	16944	2
1045	174	0
2146	2150	1
11127	461	0
14776	2181	2
12708	5835	0
10347	10355	0
12668	2308	0
8405	8408	0
15670	15671	0
12055	736	0
8649	1895	0
11298	3928	3
15805	5979	6
7622	337	0
11064	11065	1
11985	241	0
11445	3475	0
9009	2775	0
12273	12274	2
15305	3027	0
10600	7465	0
14439	538	0
1049	1053	0
15379	3786	0
10468	10470	0
4432	1196	1
3354	3359	1
11502	2357	1
11468	10782	9
6341	6343	3
7724	1251	0
4513	1123	0
5041	5043	0
14202	14203	0
8150	247	0
10775	468	0
8873	2857	0
508	512	0
14936	509	0
8841	1803	0
12932	286	0
12275	9097	0
475	477	2
8671	1006	6
16860	16861	3
12244	6913	0
5357	1809	0
8733	1273	0
6202	6203	0
5969	5972	0
6944	295	0
8177	2048	0
11494	2352	1
12960	12963	1
2826	2828	0
13986	1480	0
16996	16997	1
5520	5531	1
11113	394	0
15725	3928	3
1423	1424	0
10396	2827	0
2762	2765	2
13556	2484	3
14447	2046	0
10085	280	0
1663	1308	0
14808	1735	0
10768	2014	0
10398	220	0
13214	8290	0
3115	232	0
15486	26	0
4520	1687	1
13327	1647	0
666	668	1
7942	7943	0
17436	17437	1
4650	931	0
12866	9243	3
12483	12486	1
13302	5145	0
11526	3006	0
12987	124	0
9108	1384	10
14597	14599	1
203	65	0
17379	14467	3
7125	3791	0
10490	3717	0
7898	459	0
12759	3053	3
5611	2226	1
15115	2353	1
9307	299	2
7966	406	0
14849	825	0
7542	2210	0
8798	228	0
4186	2997	0
12263	214	0
5895	5897	2
13244	2916	2
10562	309	0
11508	969	0
8429	3377	0
5543	5135	2
2273	1774	0
1638	1640	2
5362	745	0
6085	2258	3
1717	688	0
14491	4039	0
14891	117	0
11468	5613	9
3455	100	0
2253	2264	3
9910	5091	0
14443	11555	0
16750	16751	1
3455	29	0
15131	1587	11
16844	11272	0
14917	816	0
17209	14049	1
5504	1401	0
7732	7740	1
6180	4898	0
17939	17942	0
16682	6824	1
14776	16627	1
7368	7369	0
9073	4720	2
14364	881	0
5223	2129	2
8167	1735	0
17375	6366	0
7065	618	0
16031	857	0
6226	6227	0
4240	2226	1
17084	17085	0
9867	1739	0
12977	4868	0
9881	170	0
12706	12707	0
13000	1129	0
11282	759	0
11713	1849	0
3224	3228	3
8247	8250	0
1067	1069	0
2313	771	0
16485	1573	11
2193	928	0
11649	1068	0
10847	1251	0
6656	1506	1
3255	691	0
16196	3852	0
10380	244	0
7646	140	1
15764	6828	0
14181	14185	1
11434	5688	0
14959	7215	0
17595	17420	1
4137	589	0
11397	11401	0
10752	10758	0
2894	2895	1
9336	9337	3
6969	2640	0
11805	2167	1
7690	3590	2
5223	5227	1
11871	11872	0
6423	117	0
13973	11829	1
14332	17616	0
7440	7447	2
15190	3142	0
7532	2668	1
7274	7286	1
12620	295	0
16105	2289	0
14597	4783	1
7957	5068	6
2029	2039	2
11009	11014	6
12623	7261	1
13331	248	0
12181	1047	0
4059	1702	1
11899	987	0
1471	1005	6
15534	1673	0
9263	924	0
12017	2989	6
14706	7843	1
2829	2832	0
1174	29	0
15915	15916	3
10731	1478	0
2029	2035	1
9216	9223	3
7390	1707	0
13597	137	1
15143	82	0
7100	316	2
6924	6925	0
14776	2181	2
12106	593	0
15495	10063	0
17068	1586	11
3390	1384	10
15624	15632	2
17209	17914	1
14178	985	0
7260	7261	1
4667	220	0
7370	2537	1
4732	641	2
13100	489	0
11901	195	1
10546	2696	0
3089	2060	0
6656	1506	1
5390	3012	0
13982	14672	10
15352	15354	3
9289	9293	0
5365	5146	0
10278	6400	0
3274	1583	11
13302	1036	0
12582	396	0
5999	6000	0
17375	17378	0
13031	3378	0
2915	2714	2
9242	2258	3
12207	3590	2
239	172	0
9184	5802	0
5931	1577	11
17132	12175	3
9238	537	0
7858	299	2
9992	301	0
14739	3	0
14040	462	0
6619	6592	1
1807	168	0
9343	1516	0
7296	1783	0
12686	303	0
4810	1708	0
2627	2636	0
12303	624	0
3931	1657	0
7470	910	0
3569	3570	1
6199	1735	0
666	672	2
811	812	0
16694	1967	0
6565	329	0
12811	6019	1
5261	5262	0
3912	3917	0
10641	2227	1
4116	4121	6
7411	1384	10
9333	9091	2
15193	15196	0
13072	2841	0
11290	3449	0
3843	3844	0
13032	8940	0
9195	283	0
10586	39	0
4542	306	0
11165	14113	0
7103	2881	0
1554	1573	11
5501	128	0
13648	39	0
2068	2071	0
3904	993	0
12660	682	0
10124	837	0
8684	3653	0
12951	494	2
7155	570	0
16669	15313	3
11045	11051	3
12441	12442	0
7680	1282	0
17082	8112	11
12949	2703	0
4375	4376	0
3948	817	0
9229	1467	0
3234	167	0
16801	6792	0
8859	8861	3
14439	2791	0
6840	3091	0
13229	7777	0
14819	2916	2
6188	6189	0
5395	5400	9
11878	1379	0
5704	1660	0
12957	4003	0
5543	1160	1
4455	4457	1
660	663	0
8591	8595	0
591	594	0
7519	7526	2
14717	3075	0
16659	414	0
7547	7548	2
8929	862	0
6667	2158	1
5735	1383	10
11618	2712	2
3721	2426	0
203	65	0
3572	216	0
5354	1672	0
976	579	0
6945	3389	0
8840	1592	11
9908	2611	0
11417	1046	0
10860	2054	0
13078	1326	0
4089	4094	1
2940	1242	0
1132	1138	0
11282	2067	0
9336	1632	3
7874	755	0
4579	1904	0
12973	4411	0
15762	2717	2
9258	7224	1
1728	999	0
4607	1046	0
14739	2694	0
12677	686	0
7771	110	0
12277	12281	43
14933	14270	0
15950	299	2
11076	3852	0
4097	459	0
4871	4874	0
5931	1572	11
2637	2641	0
15157	299	2
6541	2394	1
14260	5471	0
12599	529	0
493	494	2
9195	391	0
15324	51	0
9184	2939	0
16983	16986	0
7220	2265	3
13428	13336	0
6382	123	0
4402	3023	0
1505	1506	1
11343	4017	0
7093	5807	0
868	2334	9
7395	7396	0
16004	182	0
9893	5954	0
6410	1	0
3181	459	0
2521	1076	1
10797	2382	0
9047	170	0
4779	2429	0
16682	3975	1
7091	214	0
5520	23	0
689	694	0
716	719	0
11848	1030	1
7869	529	0
13100	1124	0
1782	1532	0
869	177	0
7059	1530	0
15891	1359	0
12626	642	1
11129	2314	0
6252	2121	12
1973	2986	9
16051	3620	0
9000	907	0
12174	12177	3
9933	5394	1
3455	395	0
2915	2956	2
11118	1195	1
13948	13949	0
4583	3983	0
10602	834	0
4706	286	0
15305	6182	0
11140	2295	0
1330	1331	0
11085	3716	0
6432	3381	0
14799	1183	1
797	803	0
4600	7113	1
4423	891	0
6758	1666	0
4716	4718	2
5833	369	0
4058	394	0
11420	720	0
14073	1598	6
11801	526	0
15471	1574	11
11060	912	0
16027	12497	2
3459	3023	0
5306	1496	1
12375	781	0
17149	17150	1
7073	1810	0
12424	12425	0
7065	923	0
6930	283	0
493	498	2
10235	10236	0
4572	392	0
15742	3355	1
15379	3684	0
6391	621	0
3790	881	0
1756	1757	0
6957	1511	1
2235	1760	0
16860	16864	3
7685	27	0
12755	9165	1
15239	242	0
13000	13001	0
12946	174	0
7506	2225	1
11238	35	0
5692	2265	3
4295	1091	1
6078	1779	0
5704	5707	0
8172	96	0
4126	119	0
7223	2226	1
4672	4697	3
15782	15783	0
14209	336	0
11237	299	2
262	267	2
7359	6828	0
5858	479	2
8727	1251	0
3126	66	0
12920	7996	2
10575	2614	0
16308	15900	1
6188	376	0
2555	2122	12
9981	616	0
1127	1129	0
13606	4897	0
6131	299	2
7712	2060	0
11431	1656	0
13685	3124	0
5089	96	0
1733	527	0
10775	468	0
15373	15374	0
10992	2243	0
9952	2353	1
4323	7769	2
9992	324	0
8180	8181	0
15060	3642	0
2711	2713	2
6063	1005	6
13072	8943	0
12612	5271	0
14872	8680	1
5492	118	0
14496	6349	3
11093	394	0
4896	2051	0
13815	128	0
8500	8476	0
1543	1547	0
6035	3686	0
13965	13968	0
8609	888	0
11902	2241	0
2915	2950	2
17751	17753	0
4248	2696	0
8128	1998	2
2598	168	0
3428	2284	0
6120	4165	0
615	243	0
653	656	0
3249	3252	0
5919	913	0
2027	2028	2
5686	2413	0
3853	1464	0
10863	3055	3
6251	241	0
15292	26	0
1386	1395	2
1170	1171	0
1740	1744	0
7791	7792	0
532	539	0
12293	12295	6
13247	5696	3
6154	6155	0
12677	3372	0
475	10853	2
10731	125	0
13629	987	0
6392	3710	0
6877	7450	2
14819	14821	1
3882	722	0
12424	2998	0
11243	3590	2
9049	2144	0
8999	7459	0
7724	1399	0
5991	5994	1
12973	127	0
1070	1073	1
6007	6010	0
16870	5035	0
4261	3623	0
14090	4608	0
10203	242	0
6077	1660	0
1077	1079	6
3670	758	0
6392	5077	0
7819	251	0
1461	586	0
9081	108	0
12268	4864	0
7593	597	0
7359	7360	0
16633	16635	0
10538	8618	0
10136	3852	0
2769	746	0
7646	7647	1
10292	1333	0
15182	15185	0
6879	2384	0
13895	13898	1
14786	4694	3
7638	553	0
13128	13129	0
8346	4165	0
13640	3142	0
9224	1742	0
12634	2353	1
13202	10787	1
1596	1601	6
10109	3203	0
7316	1383	10
12897	1772	0
7800	7803	0
6506	1833	0
17971	12298	33
14471	3265	0
14334	214	0
11582	2420	0
14459	682	0
9184	9185	0
7374	7375	0
11757	242	0
8311	3590	2
14774	489	0
14260	14262	0
7037	7041	3
10261	3084	0
15199	7293	0
12763	535	0
17005	1556	11
6523	228	0
10255	60	0
7517	4759	10
3032	226	0
9270	2171	1
14790	5753	0
12972	605	0
13055	534	0
17302	1114	9
2533	2534	1
14364	881	0
17480	118	0
515	6209	12
3544	3548	0
4261	1325	0
231	216	0
239	245	0
16983	10540	0
1638	1640	1
716	720	0
1324	930	0
8147	1392	2
15145	1742	0
4483	2228	1
7324	7340	1
6360	618	0
4703	926	0
12011	12012	0
6934	5340	0
6663	1462	0
6428	4595	0
4286	4290	0
11417	453	0
3492	7751	1
8565	1384	10
7134	2052	0
2098	2102	1
7230	7231	1
8673	8674	1
17005	1576	11
9042	9043	1
16750	16754	1
5506	243	0
7863	2208	0
4907	4909	0
2931	1103	2
10058	2898	1
8180	5937	0
15380	15381	0
8546	621	0
4587	2881	0
6394	994	0
4871	4873	0
1992	135	2
7484	157	1
12717	3538	0
493	494	2
14711	2260	3
4280	1696	1
16963	1556	11
14776	3975	1
15605	10831	0
14670	10022	11
4038	573	0
3688	2201	2
7245	7249	1
10300	5471	0
11999	5852	0
4657	2028	2
6874	3858	0
4657	4659	2
16764	1556	11
12275	3592	0
10444	1832	0
7776	242	0
3602	2176	0
13597	1819	1
14151	14154	1
2774	907	0
6208	2420	0
12142	6986	3
10834	3038	0
8364	1851	0
10329	8428	0
3409	2668	1
6541	3928	3
11620	11621	0
1441	864	0
3634	17767	1
4820	656	0
15616	7661	1
1479	1484	0
7084	34	0
7811	7812	0
16059	17349	0
7859	7860	0
6253	1861	0
1771	1246	0
1554	16486	10
12913	177	0
3637	1762	0
203	210	0
191	194	1
15784	1036	0
11132	13289	1
11024	1726	0
14051	600	0
15117	1959	0
6739	2970	0
17595	17597	1
9204	299	2
6711	2382	0
9857	228	0
9885	759	0
7461	589	0
2029	2038	1
5628	766	0
4059	4061	1
11627	1850	0
8141	5068	6
14050	3109	0
13093	1133	0
12960	12964	1
6662	1642	2
12668	12669	0
4483	4484	1
14577	18019	1
7077	3746	0
6585	6586	0
15909	5258	2
8898	251	0
4633	4634	0
11158	2136	0
3922	3823	0
4703	925	0
3912	3917	0
17333	17337	0
14041	3571	1
12122	3660	0
16837	8812	0
6924	6926	0
2544	2548	0
6955	4864	0
10733	3348	0
2651	2653	0
16675	16676	0
5111	5117	0
11294	1	0
8195	1270	0
13420	13421	0
8792	6142	0
7838	2152	1
12113	2828	0
12142	6986	3
15124	3559	11
10307	2244	0
10331	4557	0
12836	1048	0
6846	6847	0
15550	10800	0
2815	2817	0
1801	1803	0
2410	1709	0
10794	1462	0
13692	182	0
11975	1833	0
15824	5163	1
14475	13161	0
11375	1304	0
14754	16279	1
3784	26	0
9340	135	2
9225	596	0
4274	4275	0
13293	3116	0
17646	17649	0
11677	2696	0
12759	2261	3
15190	682	0
16669	16673	3
6329	6330	0
12439	137	1
13076	392	0
14577	18017	1
12084	1264	1
12430	12431	0
8840	1587	11
16706	16707	0
10438	1242	0
14416	17579	9
6917	3039	0
15583	2039	2
13632	13633	0
14665	3085	0
10538	3720	0
6341	11220	1
10010	899	0
1765	135	2
16904	1325	0
14209	3673	0
11500	1304	0
11498	4641	0
960	614	0
7757	5993	1
12992	9158	1
11965	9	0
14142	15214	0
7489	7499	3
13163	13165	0
16886	5870	3
13024	1304	0
15882	82	0
9237	419	0
8365	8371	1
16050	1985	0
11214	11216	0
13851	6161	2
11630	872	0
13638	4281	1
3533	2122	12
17217	4081	1
14633	14628	0
2788	781	0
4197	819	0
788	791	0
15073	2871	0
15124	1556	11
8477	8478	0
15468	1548	0
3719	609	0
5140	527	0
7440	2916	2
7686	1091	2
10058	1104	2
11113	2316	0
9106	999	0
3702	135	2
13150	758	0
10379	2793	0
1344	1350	0
400	401	0
4552	2385	0
17675	7465	0
9084	5114	0
3760	393	0
5054	4000	0
8400	8402	0
14501	14502	4
11656	15912	3
16017	16019	0
6456	396	0
9857	228	0
14736	8243	0
2498	2225	1
90	94	0
7096	5101	0
10021	1593	11
12059	15326	3
10729	6710	2
12939	1350	0
11569	6181	0
12956	4048	0
9225	9226	0
6102	6105	1
13102	7739	1
10257	5681	3
13556	7256	3
15601	1340	0
6846	6848	0
940	952	1
4134	2407	0
7706	193	2
373	383	0
7560	7561	0
3267	3269	0
15853	15854	0
6116	3915	0
7776	3122	0
14354	4146	0
3455	27	0
14055	14057	0
5260	397	0
330	337	0
14551	14552	0
12148	6764	0
10282	7926	0
3936	3410	2
6350	299	2
4999	766	0
1283	1286	0
11805	1539	1
15813	394	0
5237	5249	2
14288	1383	10
1994	1198	1
2961	2963	3
16660	7963	6
6298	1620	0
1646	1516	0
17224	2535	1
12119	2205	2
9308	3717	0
12466	5429	1
15735	2703	0
11681	3389	0
14181	5421	1
1693	1698	2
6745	6746	0
4851	4468	1
2996	857	0
12268	7191	0
4354	882	0
11695	2112	0
13953	13961	0
3115	964	0
12005	2295	0
6392	4129	0
3795	244	0
9214	7521	1
13058	112	0
11495	11497	0
11769	1380	0
6869	938	0
16916	11410	1
940	942	2
12163	597	0
13638	13580	1
13008	3449	0
17912	13179	4
11949	2070	0
6244	6246	0
2113	2117	1
10251	9139	1
4980	567	0
12249	12250	0
7456	701	0
10511	3104	0
8833	3786	0
12182	1133	0
6567	170	0
11604	832	0
6473	6474	0
16633	16634	0
3032	1764	0
6563	5415	2
2721	2122	12
8278	83	0
11093	589	0
10586	1665	0
9876	1743	0
9321	3593	0
8379	343	0
3976	3978	2
6372	1522	0
4367	2123	12
11847	4476	0
4297	7607	2
262	269	2
14198	2004	0
5864	5865	3
4143	3952	0
10400	1709	0
4059	4061	2
2463	2466	0
5686	1467	0
9933	5793	2
7796	11776	5
6908	1102	2
639	642	2
1094	1097	2
15994	15998	3
2380	1041	0
4672	4694	3
12288	369	0
354	359	3
10860	384	0
4698	3720	0
12207	3590	2
12746	1061	2
3895	1710	0
11388	87	0
12660	1144	0
262	271	2
4544	16780	1
121	128	0
7315	5	0
16503	1359	0
6434	336	0
16105	101	0
4199	299	2
12746	2664	1
8722	755	0
2880	1772	0
15693	3892	5
2894	1104	1
4252	193	2
10241	193	2
12275	241	0
5297	2163	1
7317	193	2
10973	324	0
15991	15992	0
6776	241	0
11981	2988	6
13305	309	0
2679	2683	0
11712	393	0
5482	193	2
7162	6552	0
7542	771	0
3507	7772	1
15959	419	0
7894	1776	0
7569	6191	0
12725	10455	0
1638	477	2
6845	1291	0
3648	1068	0
7203	1861	0
10501	477	1
10380	555	0
2729	2733	1
4253	4255	0
4795	4799	0
4214	1772	0
12207	3590	2
12997	3624	0
14313	4609	0
15229	15233	1
5836	1849	0
4657	4659	2
14763	2486	3
3728	2230	1
6367	6371	0
11852	1018	0
7370	2535	1
4158	863	0
11445	519	0
1838	2330	2
5209	1177	0
3621	3624	0
5584	117	0
17068	1591	11
1386	1394	2
2425	2428	0
14679	4	0
7702	7705	0
11625	1196	1
10331	1246	0
3739	1431	0
14837	3590	2
7037	1632	3
6908	1098	2
6680	215	0
10243	46	0
4137	128	0
11300	11306	6
12286	12287	2
13233	5688	0
8704	2257	3
6779	3653	0
8891	4234	2
10247	722	0
12656	4897	0
9270	9273	1
7365	2657	0
3557	1587	11
3445	3448	0
13095	6093	0
2029	2041	1
4158	3034	0
9917	1849	0
312	313	1
10578	1195	1
10432	2484	3
6934	6939	0
8345	1802	0
15153	686	0
11045	11050	3
3440	2696	0
7358	1721	0
15334	5055	0
456	173	0
14633	1247	0
10762	2204	2
1765	1769	1
10135	193	2
11747	3246	2
9209	1383	10
5692	2254	3
7155	529	0
15448	1539	1
8365	8367	1
11761	11763	0
15506	2828	0
5445	5447	0
7992	7993	2
10126	82	0
13260	13264	1
6807	1648	0
3646	535	0
1070	1073	1
3588	2932	2
8240	7866	0
15159	360	3
10866	1783	0
11295	1522	0
856	865	0
12275	931	0
475	477	1
390	241	0
5798	799	0
6045	495	1
7826	7828	0
10570	10571	0
13917	299	2
10821	7392	0
16075	1952	0
17158	1472	6
13825	910	0
12556	1154	0
6854	1287	0
639	640	2
4450	1331	0
11130	254	0
10386	5787	0
6585	1440	0
2701	2703	0
773	785	0
9115	1577	11
15551	253	0
14286	6853	0
6265	1590	11
14904	14908	1
493	502	2
9966	586	0
4743	4748	0
1109	1116	6
10615	1383	10
11022	1729	0
15363	7940	0
4252	193	2
5757	5760	0
8745	82	0
2406	889	0
11922	2004	0
2133	40	0
7859	1648	0
5777	1427	0
13813	1244	0
14259	12583	0
4252	193	2
5959	86	0
6228	3590	2
493	497	1
4520	4525	1
6479	991	0
11489	1375	0
5833	3542	0
6007	6010	0
1740	1743	0
10973	308	0
6367	1673	0
13832	1427	0
14050	2211	0
10396	238	0
6442	961	0
3205	1173	0
5886	5890	1
11630	2304	0
6919	1291	0
3742	3749	0
9240	2210	0
12752	594	0
8500	1673	0
17014	17017	1
11290	621	0
11253	1102	2
7915	2111	0
7042	6853	0
10635	5672	0
16508	1005	6
7741	2420	0
13295	802	0
493	497	1
318	14062	2
5489	6469	1
2469	717	0
9096	922	0
12244	106	0
5692	5694	3
2360	2363	0
8256	1460	0
7243	3673	0
12896	290	0
4732	4733	2
6739	2020	0
666	672	1
13629	597	0
17077	16181	0
6908	1102	1
1240	1245	0
14494	3673	0
7869	7871	0
11533	1384	10
11848	1182	1
12021	12022	0
4664	634	0
15550	3137	0
11940	2644	0
4323	7768	2
6707	2922	2
3742	3743	0
12540	2988	6
8281	559	0
262	267	1
4795	4608	0
13981	13982	0
15959	6561	0
5908	5909	0
16120	16121	3
5316	2946	2
9075	332	0
8999	3184	0
13817	594	0
11158	3203	0
920	927	0
1792	396	0
13863	13868	1
6078	10	0
17260	17262	0
3721	578	0
10287	17073	1
3679	124	0
13606	1548	0
11712	1338	0
550	555	0
2915	2923	1
6583	3752	0
13467	5948	0
9867	1797	0
8699	8703	0
2627	2633	0
11057	524	0
10302	10305	0
14034	397	0
12451	759	0
7100	316	1
7957	7963	6
7324	7331	1
7646	7662	1
11901	299	2
10135	193	2
4997	3638	0
666	647	2
16696	1001	9
9253	5770	0
3936	1395	2
13214	987	0
11284	993	0
3954	206	0
2942	2947	2
5962	4917	0
3096	2367	0
7638	294	0
14039	759	0
13910	3590	2
16172	12208	3
7810	1866	0
10363	35	0
11088	11089	0
689	693	0
4650	616	0
6681	2357	1
15755	2709	0
7440	7449	2
7974	182	0
12765	655	0
6544	6550	0
11423	16307	1
7230	4788	1
11288	7881	0
13439	1281	0
6015	17323	3
896	722	0
1494	2121	12
2609	1960	0
7894	3088	0
8296	135	2
9353	391	0
16920	2486	3
11259	11261	4
14083	14085	1
15536	1737	0
3987	3994	2
2133	1667	0
2904	2202	2
12216	1855	0
17117	1640	2
9123	1642	2
12553	8255	0
7833	7834	0
4284	1411	2
5306	1500	1
14491	1942	0
7274	7282	1
15853	2938	0
1816	1383	10
13162	1762	0
11858	1953	0
5646	5647	0
12687	2244	0
1386	1394	2
14498	1945	0
5393	11982	2
11681	4745	0
15739	1051	0
10616	227	0
11052	11054	0
1777	206	0
7199	16417	9
8995	8953	0
13399	4641	0
10416	2308	0
7201	3590	2
11948	855	0
4214	250	0
1838	2331	2
10992	1909	0
11852	7295	0
12223	12227	0
10598	14369	10
16021	16022	0
4053	4055	0
7252	3059	3
1269	758	0
12059	8135	1
12272	759	0
17605	17606	9
4159	899	0
8365	140	1
11252	414	0
16990	1859	0
10077	4193	0
7365	1922	0
11026	4018	0
6180	6183	0
3566	2035	2
15554	1762	0
8128	8129	1
8818	1273	0
3566	3567	2
15072	534	0
11899	863	0
8499	985	0
12457	2033	2
7389	172	0
10863	10865	3
2196	2197	2
6184	6186	1
14630	764	0
4199	299	2
3477	1820	1
10282	1855	0
13314	567	0
9005	1281	0
4905	3225	3
2410	2413	0
14974	4566	0
7741	4827	0
12999	1359	0
1088	17848	12
16963	1555	11
13641	932	0
12822	5415	2
11502	194	1
15756	5932	11
12943	1827	1
7819	7820	0
1801	324	0
4474	2654	0
4969	2121	12
1838	313	2
13652	309	0
5636	3983	0
9068	462	0
4143	4146	0
15926	2712	2
4932	1144	0
7186	204	0
14676	5017	0
3254	443	0
16983	10317	0
3863	3864	0
1554	1580	11
6274	1556	11
8789	3442	0
3003	1967	0
639	646	2
4801	2202	2
5985	2256	3
11867	930	0
14649	619	0
2693	1288	0
2617	2464	0
3492	5171	1
3907	2121	12
2446	2455	1
12059	12075	1
8949	6974	0
6265	1593	11
9238	395	0
15495	7083	0
10774	3116	0
8620	5771	0
666	674	1
7296	167	0
8101	3367	1
7317	193	2
6184	6186	2
8203	3104	0
13305	309	0
12601	458	0
4520	4522	1
12506	5874	0
1610	1622	0
17834	14915	0
1190	1194	1
13806	2303	0
6372	2694	0
797	809	0
2906	2907	0
16952	573	0
1155	7521	1
6385	585	0
6199	6200	0
7942	4361	0
12059	12065	1
14920	463	0
12632	4410	0
3032	1760	0
3766	3768	0
1505	1506	2
9253	9254	0
3483	977	0
3707	25	0
13657	299	1
9350	6400	0
16488	1384	10
7544	922	0
13453	2751	0
12923	1967	0
17834	17836	0
15675	8857	0
16706	2361	0
5093	5096	0
11323	329	0
3721	3345	0
12886	8715	1
4103	923	0
5287	576	0
9333	2128	1
4792	2060	0
920	929	0
16662	16663	0
15125	1873	0
10295	2751	0
6872	2282	0
8534	11881	10
15472	15473	1
5209	414	0
9211	3767	0
13460	16885	2
7065	255	0
9096	929	0
7440	5245	2
6045	498	2
5220	70	0
8281	463	0
8256	8257	0
5056	5057	0
12605	3103	0
14897	3767	0
12059	2515	1
8050	13977	1
9005	925	0
5045	4675	3
16107	16109	1
3492	5172	1
4997	1338	0
14693	14116	0
13917	3398	1
4189	1578	11
4450	4452	0
4368	4369	0
8209	369	0
2339	1832	0
15698	305	0
9132	1819	1
16239	16242	1
2029	2039	1
13219	616	0
8296	135	2
8908	1895	0
4064	4068	1
6795	4294	6
10132	3438	0
8504	925	0
10381	5794	2
6826	6084	0
6693	556	0
3908	2144	0
14517	626	0
12869	686	0
11085	907	0
11965	691	0
6166	3950	0
10602	3717	0
11276	11277	0
3445	3446	0
13840	8356	0
14904	140	1
15078	781	0
976	978	0
10283	8254	0
666	673	2
2815	2819	0
11941	4476	0
8359	247	0
3134	409	0
1314	1315	0
13272	2	0
6943	179	0
16979	1399	0
2906	2908	0
11716	286	0
15841	3381	0
7781	4400	0
5687	5689	0
10008	3571	1
6120	40	0
6872	2	0
2139	2140	0
7616	3786	0
8834	1709	0
4428	244	0
6001	6003	0
9876	769	0
6795	2986	6
10071	3741	0
12730	177	0
10270	733	0
6495	3	0
8726	1270	0
3440	587	0
10847	1134	0
7950	15465	2
11764	8397	0
5520	695	0
13869	3057	3
11052	1648	0
12804	722	0
2866	2122	12
6367	3325	0
9323	193	2
11677	11679	0
8649	486	0
9341	1377	0
17132	12175	3
15784	4829	0
2867	1437	0
14639	14640	0
4703	2939	0
6693	248	0
4544	4545	2
2125	2130	1
7487	5747	0
9987	533	0
8660	4061	1
11031	1665	0
4297	4300	2
15292	1613	0
4080	136	1
11076	4644	0
5495	3811	0
12957	1832	0
7401	2717	2
8660	5240	1
10607	925	0
16273	12301	21
10514	1830	0
7683	82	0
4896	1660	0
11609	1707	0
5540	4566	0
11697	2355	1
14564	1133	0
7725	1750	0
3509	1551	0
3987	3992	1
2658	567	0
8999	8243	0
4064	4067	1
16308	4083	1
4980	2659	0
7560	1399	0
5494	2748	0
11999	6717	0
15192	1802	0
13053	2681	0
4643	4644	0
13791	2420	0
5908	592	0
16180	16184	0
12284	1587	11
11852	5753	0
9966	585	0
14797	634	0
15056	15057	3
13844	396	0
9205	3720	0
6392	1379	0
11974	687	0
14142	15211	0
12456	3590	2
1058	938	0
4698	2144	0
10029	720	0
16413	7818	10
6681	6684	1
4597	3017	0
12680	3977	2
8365	3973	1
10358	2274	0
12623	13126	1
7419	7158	1
12129	1591	11
6894	587	0
3500	2056	0
10472	10483	2
2029	2040	2
15454	514	0
11489	46	0
13000	839	0
3492	5172	1
10406	6185	2
16130	11019	0
5543	4236	2
6030	3355	1
16669	16671	3
12692	193	2
12687	2748	0
976	980	0
17446	17453	1
11790	11791	0
6399	394	0
1838	1839	2
15163	1245	0
4286	4287	0
4132	1735	0
2125	476	2
2242	1048	0
13302	1400	0
3920	245	0
1838	316	2
6857	6858	2
5307	5310	0
11765	3110	0
3948	658	0
5814	923	0
10257	6344	3
13792	2736	1
13945	3305	0
5495	1984	0
5367	216	0
8734	8737	0
8461	216	0
16053	8803	1
6333	108	0
7503	2361	0
9036	720	0
7186	8	0
3467	11249	9
13657	13665	1
15534	246	0
11127	1123	0
186	2122	12
13652	301	0
15092	5076	0
689	8	0
12021	253	0
7901	7902	0
7888	23	0
9336	1632	3
4323	13410	1
15115	2356	1
11746	11718	0
4273	593	0
6188	6190	0
2348	2350	1
3936	3568	1
5406	5410	1
14068	14070	1
3987	6071	2
6495	26	0
6122	67	0
17006	17008	0
7230	7236	1
10091	2939	0
62	67	0
754	4	0
10261	2005	0
12639	12640	0
6293	6294	0
321	2121	12
16508	4813	6
6156	477	2
13183	2179	1
14317	180	0
8858	1667	0
7022	182	0
12187	12191	3
16425	1859	0
17763	4200	1
11290	924	0
5331	233	0
14253	926	0
8901	691	0
11956	2188	2
7901	1041	0
6719	6724	1
11805	11807	1
11267	16882	3
12866	12868	3
6555	2939	0
13206	66	0
13638	1417	2
16770	3435	0
10762	1101	2
3922	875	0
3819	193	2
666	679	1
788	790	0
5344	395	0
11066	94	0
11111	4981	0
11267	16881	3
13216	13217	0
10363	1811	0
7895	1984	0
7199	16416	9
475	479	2
10450	3251	0
10877	305	0
13667	1711	0
4544	4545	2
1423	1426	0
1084	878	0
5462	576	0
13463	4025	1
14904	7649	1
12414	12417	0
2109	1133	0
14195	1520	0
1174	442	0
6030	6032	1
7706	193	2
11397	242	0
6409	277	0
14315	95	0
8816	624	0
5604	654	0
7122	2289	0
639	642	2
12985	3206	0
18013	18014	5
3976	3977	2
3954	560	0
940	946	2
13657	13662	1
11973	1593	11
11659	4738	2
13310	1586	11
11055	1288	0
5119	5120	1
6882	6883	0
15283	11718	0
3707	3715	0
2779	1783	0
14637	14556	10
13654	1290	0
8739	2353	1
7220	2257	3
1451	1452	0
11692	1175	0
13631	2717	2
4556	4560	0
4772	4773	0
6818	4887	0
13135	1823	1
11669	11676	1
8947	4897	0
12680	1501	2
666	668	2
13863	13868	1
14819	1417	2
3240	3244	1
262	269	2
441	8	0
2609	2611	0
723	2122	12
9240	9241	0
8291	498	2
15155	4566	0
4657	1642	2
12473	12476	1
4828	2211	0
6562	519	0
992	994	0
12119	2202	2
1876	1888	0
5757	5761	0
4725	4730	0
3509	5185	1
15182	6296	0
11296	174	0
5543	10249	1
6707	2922	1
4583	629	0
5347	755	0
17023	17026	0
14289	5807	0
10824	889	0
10403	619	0
11659	4738	1
4152	597	0
13344	18120	6
9941	1873	0
14083	9158	1
17066	16695	0
13190	907	0
3646	329	0
11965	8	0
5324	477	2
5872	5875	0
3549	3555	0
13066	5206	0
11920	11921	0
10824	324	0
6882	6886	0
7513	376	0
6795	2984	6
16787	9357	0
13666	1735	0
7603	4560	0
660	661	0
15737	3184	0
9333	9334	1
1554	1568	11
8711	8712	1
13988	4171	1
2836	1349	0
12164	2407	0
3790	1452	0
15610	1759	0
1638	1639	2
14711	10335	3
1174	1177	0
7027	336	0
13287	5599	0
3987	3991	1
15624	15642	2
15784	5290	0
15805	1603	6
7134	600	0
15581	4560	0
15448	15450	1
13314	2407	0
7810	1617	0
4753	2751	0
3509	5189	1
10802	554	0
3107	3108	0
3962	1761	0
3209	2254	3
17666	988	0
6298	6181	0
11883	11887	1
10733	10735	0
11669	11674	1
4851	4862	1
11147	11153	0
262	265	1
1777	1778	0
13276	15715	0
4099	167	0
7519	7520	1
9857	3449	0
3766	3767	0
11871	6488	0
12878	503	1
1747	1325	0
13783	36	0
15895	3928	3
11461	6571	1
8432	5090	0
10026	1368	0
11111	287	0
16136	16137	2
16782	16162	3
12532	1378	0
13055	1754	0
6375	87	0
14473	4027	1
5009	5015	0
4657	4663	1
3343	882	0
4840	4844	3
10405	1288	0
300	309	0
6841	6842	0
44	59	0
3583	2277	0
14892	71	0
15860	12590	1
7223	2226	1
7150	7154	0
4672	4685	3
5685	1103	2
1961	1965	0
7692	7694	0
12997	3250	0
1978	1983	0
5203	1648	0
11870	420	0
896	897	0
12499	12505	0
13457	529	0
4806	621	0
10296	204	0
8450	1632	3
3509	6283	18
11847	2301	0
639	315	2
16748	14556	10
7098	3443	0
5199	3538	0
17107	6220	0
8512	8513	0
7917	1325	0
8155	8159	0
13530	925	0
9281	303	0
4556	626	0
12090	854	0
4131	462	0
7674	7678	9
5652	234	0
2273	1040	0
11754	11755	3
425	5304	12
9079	1830	0
4483	4488	1
1423	1425	0
10721	3243	1
3588	1101	2
6567	443	0
13216	1982	0
11134	11135	0
2498	2510	1
6962	6964	0
10562	1670	0
12679	67	0
4365	4366	0
5929	448	0
32	39	0
5641	842	18
7401	2717	2
6156	6165	1
4483	2226	1
9211	1762	0
787	2123	12
6438	3370	0
8995	7045	0
8317	8331	1
3472	128	0
2942	497	2
15124	1591	11
14365	738	0
15379	464	0
3107	1725	0
6707	2921	2
2693	1742	0
12878	2330	2
15495	403	0
5260	252	0
7318	691	0
14313	379	0
11096	8439	1
7260	2118	1
8499	988	0
7007	1384	10
10400	5806	0
13597	161	1
992	997	0
12108	6916	0
14897	14898	0
4059	1702	2
7910	7913	0
10774	253	0
4252	7280	1
10400	863	0
8546	1650	0
5549	763	0
6156	9865	2
13891	234	0
16107	16114	1
6461	6464	6
10036	10038	0
10082	1437	0
4795	747	0
12608	4538	11
8846	1522	0
16130	11844	0
7980	3382	0
11434	1929	0
3637	1761	0
10143	7216	1
15735	1797	0
13457	985	0
16088	709	0
14847	14848	0
12656	993	0
10816	10817	0
9882	7561	0
6951	229	0
16990	3811	0
10457	4263	0
1659	572	0
10169	10171	0
11848	1183	1
10224	4846	3
4772	4775	0
15530	15533	2
15117	609	0
13100	489	0
2894	1098	1
13717	4260	0
12165	13126	1
10506	5850	0
7223	4485	1
8946	193	2
13556	9223	3
14972	1195	1
9323	135	2
2687	264	2
9181	9183	0
7365	1931	0
11059	2775	0
3467	1002	6
8846	168	0
6699	65	0
5562	5567	1
8422	248	0
4706	281	0
10068	10016	0
13831	26	0
8612	1667	0
3062	931	0
12553	12555	0
13842	5846	0
6394	1729	0
5805	5806	0
2859	1632	3
940	948	2
15367	369	0
15148	1383	10
1994	1997	2
14665	51	0
10428	2061	0
6354	578	0
8525	616	0
8841	962	0
62	4	0
2193	931	0
13285	245	0
1121	985	0
14263	4461	1
6377	3246	1
6341	6346	3
2752	324	0
16952	6812	0
16927	15512	1
3698	3699	0
11055	2067	0
10631	2381	0
5370	5371	3
7440	7452	1
3201	3202	0
3327	3329	0
7554	7555	1
3588	1101	2
10586	2285	0
13229	526	0
7810	454	0
4240	4241	1
12207	16901	1
11880	11881	10
11877	3767	0
10135	15475	1
6405	595	0
15348	907	0
2459	2462	0
16140	10541	0
3214	3215	0
15373	8837	0
15373	866	0
15624	15625	2
4474	553	0
6997	2420	0
12992	12994	1
17232	17234	0
3346	3353	0
14887	5745	0
11685	3559	11
1838	646	2
10570	988	0
3500	463	0
12141	23	0
4597	2142	0
13780	3091	0
6656	503	1
15567	15504	1
13017	13020	1
8756	1764	0
13224	4898	0
5646	1325	0
17209	5518	1
10457	4263	0
3960	907	0
3927	3928	3
12483	4171	1
14051	3105	0
15567	15570	1
1283	1285	0
4767	4769	0
14773	1001	6
3764	1138	0
3261	3263	0
1322	2122	12
5617	2244	0
2693	1287	0
14447	2681	0
300	304	0
7440	7450	1
10112	2226	1
16904	907	0
9123	430	2
7831	3928	3
2065	2067	0
4650	617	0
9993	1837	1
14055	4560	0
9124	589	0
10211	8953	0
11920	214	0
11545	11546	0
10416	249	0
5820	994	0
8140	2263	3
8244	81	0
12490	1	0
11738	11742	1
4828	2208	0
16199	12500	0
10600	7466	0
5965	2758	0
2425	1655	0
11973	1575	11
7374	2427	0
10112	2535	1
10740	10741	0
3205	1173	0
8437	2653	0
2756	2760	0
8477	3319	0
12981	616	0
10625	586	0
2915	2714	2
1094	1100	2
940	946	1
6569	3590	1
14877	14883	1
9081	175	0
4357	333	0
6244	6245	0
262	271	2
8995	8953	0
10618	10619	0
11060	1745	0
8137	1041	0
3959	1895	0
12140	35	0
1829	116	0
16449	376	0
15069	1592	11
11122	8211	0
6563	1157	2
5601	3661	0
12608	12611	1
13276	14275	1
14650	986	0
515	2121	12
12214	823	0
16983	16987	0
8502	5407	1
12161	36	0
5119	5128	1
3976	3977	1
4064	4074	1
3838	1079	9
11096	11105	1
12517	1368	0
10848	4774	0
6045	6046	2
7508	198	1
11677	4225	0
15823	87	0
7440	2181	2
6739	1915	0
11817	1735	0
8429	2652	0
3073	4	0
9205	4699	0
16438	16444	3
9018	1577	11
2836	2837	0
4966	253	0
14371	4841	3
8360	1670	0
16852	1554	6
16229	691	0
15915	11050	3
628	634	0
3428	1243	0
9253	2417	0
14198	1345	0
2961	1632	3
14364	882	0
5649	755	0
5119	5121	1
4445	901	0
3608	3614	0
9993	9999	1
16248	16250	0
6652	1316	0
4274	1870	0
6385	2176	0
7207	2654	0
15524	1769	1
11845	5983	0
3608	3612	0
11617	458	0
12896	2060	0
15131	5932	11
4059	1418	2
7164	2551	0
1740	1437	0
5757	5762	0
1477	82	0
10743	722	0
13247	2262	3
12030	2035	1
4080	4085	1
5641	9943	1
2996	1531	0
14055	777	0
10040	2653	0
3934	2382	0
9349	115	0
13121	993	0
17164	1601	6
3335	3340	0
4562	4563	0
13993	12984	0
8475	91	0
8196	1601	6
9942	9944	1
6877	1696	2
6430	1384	10
7243	605	0
508	277	0
9325	1403	0
14799	14800	1
16886	5870	3
14799	1827	1
344	345	0
7209	5775	0
13450	1869	0
15131	1584	11
11728	872	0
275	284	0
12944	888	0
3775	13914	5
8926	1458	0
6265	1568	11
8464	735	0
8696	882	0
12263	220	0
13062	1030	1
16658	1599	6
9321	2939	0
2029	2032	2
7923	2792	0
9115	10803	11
4565	3381	0
14771	3590	2
6085	6086	3
5234	1790	0
6001	1546	0
8303	11146	10
7865	1779	0
12938	5793	2
6314	2890	2
14763	2262	3
557	167	0
7917	3251	0
12981	1304	0
2800	172	0
11062	1481	0
13190	241	0
9346	4553	0
10109	1377	0
3702	193	2
14857	1632	3
13109	336	0
15434	2717	2
12268	4517	0
666	672	1
1121	1125	0
14732	14733	1
887	889	0
4542	889	0
3569	2180	1
5119	5121	1
13963	1122	0
13101	5032	0
7029	125	0
15620	5846	0
11096	7647	1
12482	3714	0
4907	3659	0
12877	849	0
15092	2420	0
5483	5486	0
8404	2111	0
2146	2165	1
13715	13337	1
3065	2308	0
17239	1153	0
14542	295	0
15092	595	0
9908	8205	0
10097	9126	0
11613	838	0
7858	299	2
5849	5850	0
5287	682	0
14098	2001	2
13089	1809	0
14051	749	0
5510	1685	1
17545	2285	0
13911	2258	3
16213	16214	0
9956	998	0
11649	9351	0
17912	13181	4
13848	109	0
16963	1568	11
14042	14047	1
8454	8456	0
5520	5529	1
44	53	0
5991	1684	1
3271	86	0
10801	1779	0
10360	304	0
3379	128	0
7509	292	0
7950	15466	2
7260	7262	2
6319	2766	1
2196	2202	1
7762	938	0
17739	17740	33
17901	2899	1
5209	1014	0
15443	993	0
11757	2831	0
13875	1773	0
10841	5711	3
6074	242	0
330	333	0
11454	2886	0
9952	194	1
9081	112	0
2627	2629	0
12511	13016	1
15468	1758	0
7519	951	1
4749	2094	0
12803	2277	0
1682	1688	1
7324	7339	1
14805	286	0
3467	1006	9
7789	685	0
14786	14788	3
7513	1751	0
12517	4908	0
9086	2870	0
13831	3536	0
14573	3723	0
11484	3859	0
3832	13019	1
13260	136	1
14353	10171	0
10007	559	0
8699	8703	0
12341	7326	1
15896	15897	3
14039	234	0
13788	13790	0
9324	631	0
9079	395	0
3810	168	0
5289	3108	0
3141	2412	0
9920	85	0
9258	2226	1
1728	997	0
14819	14820	1
13844	394	0
2931	2934	2
3987	3990	2
6184	10344	1
2348	2353	1
7789	281	0
3735	688	0
15443	988	0
5786	1870	0
10432	6344	3
7593	556	0
2867	872	0
8384	2717	1
3463	2610	0
11961	15599	9
10379	7459	0
7149	823	0
666	645	2
1596	1602	6
14463	14467	3
4513	295	0
8464	925	0
15666	1619	0
4402	2304	0
7945	3464	0
493	495	1
8683	8715	1
10029	878	0
2406	889	0
262	267	2
18145	13777	0
9350	249	0
5316	1842	2
13095	4848	0
6112	1898	0
11206	97	0
1838	642	1
6312	2213	0
10360	928	0
7786	7787	0
11558	9267	2
11974	3674	0
2901	243	0
5367	26	0
16079	12996	1
10868	8	0
11508	4192	0
13844	181	0
11096	7665	1
3830	927	0
11874	607	0
13572	709	0
5825	2717	2
7401	2717	2
9601	158	1
5270	4220	0
11577	66	0
11307	1895	0
2498	2504	1
14181	2540	1
4378	108	0
16659	1255	0
13435	4566	0
6383	8221	9
17009	2486	3
15857	1384	10
6707	1695	2
4449	2	0
13089	8	0
11434	11436	0
10257	3060	3
11036	2063	0
15509	15517	1
2125	2128	2
14706	16794	1
9214	3941	1
705	712	0
262	265	1
6118	932	0
10097	10098	0
15193	2748	0
15429	2652	0
9933	4285	1
11441	251	0
14260	2674	0
5838	1383	10
4657	4659	1
17996	18000	0
10126	932	0
3126	85	0
3021	460	0
5456	1176	0
5692	2256	3
3132	1699	2
6479	3554	0
7761	6194	0
8798	234	0
3474	1427	0
7489	7492	3
5119	5135	1
2294	2306	0
2672	135	2
6015	3781	1
13074	812	0
13134	1895	0
3201	512	0
3912	3914	0
7749	930	0
2235	2236	0
11137	17842	10
3302	3306	0
7162	5	0
14539	14540	0
8722	307	0
12440	193	2
6156	6158	1
14539	1850	0
3895	2305	0
12135	3012	0
4059	1412	2
7966	406	0
14273	1725	0
13101	704	0
6719	6727	1
16050	585	0
2609	2004	0
1027	299	2
3987	3990	2
10589	12989	1
1838	644	2
9195	693	0
992	172	0
16886	5870	3
8653	2528	0
5708	243	0
7011	1244	0
8291	6046	1
493	495	2
7077	1707	0
7303	839	0
9883	193	2
17555	17560	0
13993	1052	0
7876	693	0
11696	299	2
7977	2245	0
15320	9342	0
9958	9960	0
10645	226	0
14754	1411	2
7055	283	0
13593	1404	0
13167	706	0
1807	5	0
4483	2226	1
16309	16310	0
5571	2551	0
11722	337	0
12040	6332	0
2889	15787	1
2544	901	0
4581	1272	0
9047	758	0
3544	908	0
14486	3699	0
724	1827	1
9908	2641	0
16503	6780	0
14740	8252	0
4867	3769	0
11307	34	0
11815	2696	0
2224	2227	1
4131	5	0
4274	3680	0
16105	29	0
13666	295	0
11664	2843	0
14450	14456	1
3311	1650	0
484	489	0
6997	6155	0
15360	15361	5
6124	2792	0
12084	135	2
2662	15939	5
8939	3206	0
7903	7907	0
14639	4147	0
3132	4200	1
10198	135	2
1838	646	2
13328	2409	0
8850	8853	2
10281	338	0
2762	2763	2
10880	10857	0
3775	4188	18
7156	7160	1
3648	245	0
2866	6210	12
12084	135	2
3566	3568	2
17802	2632	0
3742	3752	0
10112	2225	1
12284	1583	11
12152	619	0
262	267	2
8374	37	0
390	392	0
12303	764	0
14259	925	0
17583	11050	3
10273	10275	3
13007	3121	0
10565	1468	0
8844	4267	0
4716	4720	2
11771	2210	0
5876	443	0
4186	901	0
653	108	0
7727	3914	0
12540	842	6
262	273	2
17736	7932	0
2556	1585	11
12466	6682	1
3742	3744	0
11901	299	2
13632	1832	0
11922	243	0
3619	987	0
7403	4819	0
6391	396	0
8620	338	0
8907	2466	0
13969	3429	0
1838	315	2
639	641	2
3509	5180	1
8500	3182	0
8699	1948	0
7230	7235	1
10848	823	0
13597	13598	1
9941	533	0
1477	123	0
1829	1833	0
14445	1531	0
13916	2775	0
6122	989	0
10978	1458	0
11508	377	0
17646	17658	0
1838	1844	2
44	58	0
15717	15719	0
16004	394	0
13015	1383	10
13675	3137	0
6442	2213	0
15159	360	3
1857	1647	0
6934	6940	0
2972	993	0
2859	17393	1
17891	4168	1
5906	1154	0
4537	2717	2
6578	685	0
8247	8248	0
11889	5037	21
5549	1915	0
239	251	0
13851	5225	2
17132	17135	3
5786	5789	0
12133	1384	10
16694	2005	0
6045	499	2
2058	2122	12
14577	14582	2
10398	3767	0
15393	539	0
12136	4079	0
11111	1721	0
9253	3669	0
11370	11372	1
2109	2112	0
10645	1274	0
6502	2087	0
10602	922	0
13095	1897	0
8247	8255	0
6894	595	0
13448	964	0
7622	7625	0
9207	242	0
16031	453	0
15739	821	0
373	382	0
7727	7729	0
6585	453	0
9262	1774	0
797	800	0
3409	1412	2
7686	2712	2
11423	1696	2
14933	7880	0
16843	23	0
13530	633	0
10441	66	0
5506	304	0
9281	5884	0
7458	2794	0
3177	3180	0
3790	1965	0
12986	1591	11
7122	632	0
14	20	0
6396	1133	0
6526	3246	2
10058	1100	2
8904	249	0
17014	17022	1
11392	994	0
9323	135	2
9270	9271	1
6044	556	0
7742	7745	0
8525	924	0
5348	2110	0
