+4373	1
+5033	2
+3571	3
+2540	4
+1350	5
+754	6
+4827	7
+4863	8
+4958	9
+4932	10
+5129	11
+5178	12
+3955	13
+5264	14
+5309	15
+5324	16
+40	17
+132	18
+139	19
+130	20
+118	21
+114	22
+116	23
+99	24
+86	25
+81	26
+58	27
+46	28
+38	29
+34	30
+60	31
+547	32
+490	33
+450	34
+559	35
+558	36
+563	37
+472	38
+491	39
+431	40
+316	41
+378	42
+460	43
+496	44
+572	45
+578	46
+600	47
+618	48
+642	49
+648	50
+655	51
+675	52
+692	53
+2275	54
+2295	55
+2350	56
+2385	57
+2386	58
+2427	59
+2421	60
+2423	61
+2440	62
+2419	63
+2426	64
+2413	65
+2448	66
+2444	67
+2446	68
+2456	69
+2473	70
+2469	71
+2481	72
+2487	73
+2512	74
+2508	75
+2482	76
+2495	77
+2520	78
+2511	79
+2491	80
+2502	81
+2494	82
+2493	83
+2475	84
+2492	85
+2477	86
+2464	87
+2507	88
+2501	89
+2514	90
+2530	91
+2523	92
+2543	93
+2522	94
+2539	95
+2524	96
+2504	97
+2503	98
+2556	99
+2554	100
+2546	101
+2545	102
+2563	103
+2525	104
+2534	105
+2549	106
+2551	107
+2561	108
+2557	109
+2550	110
+2560	111
+2565	112
+2558	113
+2553	114
+2555	115
+2547	116
+2552	117
+2564	118
+2559	119
+2566	120
+2562	121
+2567	122
+2531	123
+2518	124
+3544	125
+2467	126
+2506	127
+2581	128
+2642	129
+2674	130
+2756	131
+2778	132
+2793	133
+2849	134
+2871	135
+2914	136
+2959	137
+2968	138
+2990	139
+2992	140
+3004	141
+3003	142
+3020	143
+3045	144
+3063	145
+3101	146
+3129	147
+3144	148
+3143	149
+3156	150
+3180	151
+3185	152
+3311	153
+3284	154
+3303	155
+3312	156
+3392	157
+3478	158
+3455	159
+3472	160
+3508	161
+3511	162
+3521	163
+3518	164
+3501	165
+3505	166
+3490	167
+3525	168
+3500	169
+3495	170
+3476	171
+3481	172
+3477	173
+3435	174
+3440	175
+3480	176
+3493	177
+3555	178
+3569	179
+3605	180
+3607	181
+3577	182
+3627	183
+599	184
+565	185
+562	186
+567	187
+550	188
+556	189
+538	190
+541	191
+530	192
+536	193
+540	194
+517	195
+525	196
+508	197
+519	198
+520	199
+522	200
+513	201
+528	202
+499	203
+482	204
+478	205
+454	206
+419	207
+408	208
+397	209
+413	210
+404	211
+407	212
+386	213
+350	214
+354	215
+333	216
+348	217
+355	218
+353	219
+342	220
+343	221
+313	222
+337	223
+326	224
+331	225
+321	226
+299	227
+301	228
+324	229
+327	230
+292	231
+237	232
+264	233
+259	234
+287	235
+277	236
+240	237
+376	238
+320	239
+272	240
+262	241
+251	242
+266	243
+248	244
+241	245
+227	246
+231	247
+213	248
+195	249
+143	250
+170	251
+194	252
+253	253
+148	254
+172	255
+260	256
+257	257
+280	258
+296	259
+317	260
+263	261
+218	262
+187	263
+162	264
+113	265
+68	266
+595	267
+587	268
+580	269
+2145	270
+2110	271
+2101	272
+2089	273
+2189	274
+2411	275
+2470	276
+2461	277
+2450	278
+2457	279
+2478	280
+2529	281
+2576	282
+2572	283
+2621	284
+2634	285
+2618	286
+2625	287
+2635	288
+2632	289
+2640	290
+2646	291
+2657	292
+2670	293
+2713	294
+2695	295
+2687	296
+2696	297
+2679	298
+2678	299
+2667	300
+2671	301
+2660	302
+2661	303
+2668	304
+2665	305
+2664	306
+2669	307
+2650	308
+2659	309
+2673	310
+2677	311
+2681	312
+2689	313
+2710	314
+2709	315
+2706	316
+2702	317
+2700	318
+2672	319
+2686	320
+2682	321
+2690	322
+2684	323
+2675	324
+2680	325
+2683	326
+2685	327
+2688	328
+2698	329
+2703	330
+2697	331
+2699	332
+2693	333
+2705	334
+2712	335
+2718	336
+2715	337
+2711	338
+2691	339
+2666	340
+2663	341
+2658	342
+2694	343
+2654	344
+2649	345
+2638	346
+2409	347
+2401	348
+2430	349
+2418	350
+2390	351
+2396	352
+2400	353
+2441	354
+2404	355
+2357	356
+2442	357
+2397	358
+2366	359
+2403	360
+2415	361
+2398	362
+2408	363
+2422	364
+2407	365
+2370	366
+2438	367
+2379	368
+2443	369
+2402	370
+2148	371
+2245	372
+2231	373
+2375	374
+2387	375
+2176	376
+2243	377
+2317	378
+2343	379
+2380	380
+2417	381
+2435	382
+2391	383
+2151	384
+2140	385
+2206	386
+2240	387
+2371	388
+2393	389
+2432	390
+2410	391
+2394	392
+2414	393
+2416	394
+2399	395
+2428	396
+2179	397
+2218	398
+2256	399
+2383	400
+2425	401
+2405	402
+2382	403
+2431	404
+2429	405
+2392	406
+2065	407
+2069	408
+2090	409
+2105	410
+2131	411
+2406	412
+2389	413
+2115	414
+2130	415
+2180	416
+2195	417
+2225	418
+2265	419
+2285	420
+2300	421
+2340	422
+2498	423
+2474	424
+2542	425
+2536	426
+2541	427
+2582	428
+2574	429
+2585	430
+2583	431
+2596	432
+2579	433
+2578	434
+2573	435
+2571	436
+2586	437
+2614	438
+2631	439
+2603	440
+2637	441
+2655	442
+2644	443
+2651	444
+2643	445
+2627	446
+2639	447
+2633	448
+2629	449
+2610	450
+2619	451
+2630	452
+2626	453
+2623	454
+2628	455
+2613	456
+2615	457
+2595	458
+2652	459
+2648	460
+2647	461
+2676	462
+2653	463
+2622	464
+2636	465
+2617	466
+2609	467
+2616	468
+2608	469
+2605	470
+2589	471
+2587	472
+2025	473
+2045	474
+2280	475
+2200	476
+2205	477
+2261	478
+2361	479
+2348	480
+2465	481
+2476	482
+2480	483
+2496	484
+2500	485
+2499	486
+2528	487
+2513	488
+2594	489
+2620	490
+2599	491
+2591	492
+2592	493
+2598	494
+2593	495
+2612	496
+2624	497
+2606	498
+2601	499
+2604	500
+2611	501
+2656	502
+2645	503
+2588	504
+2070	505
+2052	506
+2059	507
+2099	508
+2102	509
+2097	510
+2142	511
+2171	512
+2185	513
+2220	514
+2255	515
+2254	516
+2234	517
+2228	518
+2207	519
+2212	520
+2224	521
+2238	522
+2216	523
+2215	524
+2277	525
+2264	526
+2258	527
+2284	528
+2270	529
+2269	530
+2260	531
+2246	532
+2235	533
+2217	534
+2230	535
+2292	536
+2306	537
+2257	538
+2310	539
+2293	540
+2301	541
+2320	542
+2294	543
+2302	544
+2296	545
+2278	546
+2291	547
+2305	548
+2281	549
+2325	550
+2505	551
+2485	552
+2420	553
+2490	554
+2517	555
+2602	556
+2590	557
+2641	558
+2607	559
+2597	560
+2600	561
+2568	562
+2395	563
+2575	564
+2570	565
+2580	566
+2577	567
+2548	568
+2544	569
+2532	570
+2535	571
+2537	572
+2533	573
+2737	574
+2791	575
+2810	576
+2803	577
+2836	578
+2847	579
+2902	580
+2923	581
+2894	582
+2929	583
+2943	584
+2893	585
+2519	586
+2515	587
+2452	588
+2455	589
+2527	590
+2447	591
+2376	592
+2355	593
+2344	594
+2332	595
+2349	596
+2337	597
+2322	598
+2311	599
+2286	600
+2155	601
+2149	602
+2062	603
+2041	604
+2044	605
+98	606
+102	607
+105	608
+101	609
+93	610
+100	611
+88	612
+87	613
+92	614
+104	615
+90	616
+78	617
+82	618
+95	619
+91	620
+2365	621
+2345	622
+2359	623
+2449	624
+2486	625
+2516	626
+2526	627
+2662	628
+94	629
+97	630
+106	631
+108	632
+80	633
+75	634
+79	635
+77	636
+30	637
+32	638
+31	639
+23	640
+26	641
+28	642
+29	643
+25	644
+21	645
+22	646
+24	647
+27	648
+18	649
+13	650
+11	651
+10	652
+16	653
+15	654
+17	655
+20	656
+35	657
+72	658
+67	659
+50	660
+2459	661
+2471	662
+2458	663
+2509	664
+2462	665
+2468	666
+2488	667
+2484	668
+2451	669
+2454	670
+657	671
+631	672
+650	673
+716	674
+766	675
+703	676
+1020	677
+1058	678
+1145	679
+1148	680
+1229	681
+1341	682
+1275	683
+674	684
+662	685
+659	686
+658	687
+661	688
+649	689
+687	690
+2135	691
+2150	692
+2170	693
+2330	694
+2353	695
+2331	696
+2369	697
+2373	698
+2384	699
+2437	700
+2433	701
+2424	702
+2439	703
+2479	704
+2489	705
+2466	706
+2521	707
+2497	708
+2460	709
+2445	710
+2412	711
+414	712
+428	713
+410	714
+385	715
+358	716
+366	717
+374	718
+403	719
+411	720
+412	721
+2360	722
+2388	723
+2434	724
+2453	725
+2472	726
+2436	727
+2510	728
+2078	729
+2121	730
+2095	731
+2085	732
+2054	733
+2083	734
+2075	735
+2088	736
+2071	737
+2137	738
+2076	739
+2092	740
+2068	741
+2081	742
+2128	743
+2096	744
+2222	745
+2233	746
+2163	747
+2141	748
+2168	749
+2153	750
+2156	751
+2132	752
+2182	753
+2123	754
+2147	755
+2127	756
+2118	757
+2297	758
+2175	759
+2162	760
+2169	761
+2313	762
+2159	763
+2144	764
+2114	765
+2028	766
+2022	767
+1999	768
+2000	769
+2015	770
+2003	771
+2013	772
+1975	773
+1976	774
+1952	775
+2183	776
+2194	777
+2188	778
+2192	779
+2211	780
+1964	781
+1918	782
+1962	783
+1940	784
+1950	785
+1928	786
+1961	787
+1956	788
+1938	789
+1886	790
+107	791
+109	792
+127	793
+131	794
+123	795
+157	796
+167	797
+166	798
+112	799
+110	800
+2165	801
+2248	802
+2267	803
+2538	804
+2158	805
+2152	806
+2186	807
+2341	808
+2271	809
+2244	810
+2247	811
+2223	812
+2161	813
+2242	814
+2239	815
+2367	816
+115	817
+117	818
+2339	819
+2318	820
+2329	821
+2303	822
+2307	823
+2283	824
+2290	825
+2314	826
+2315	827
+2241	828
+2249	829
+2214	830
+2232	831
+2178	832
+2173	833
+2134	834
+2201	835
+2237	836
+2282	837
+2327	838
+2333	839
+2346	840
+2336	841
+2374	842
+2377	843
+2363	844
+2362	845
+2368	846
+2358	847
+2356	848
+2364	849
+2352	850
+2354	851
+2347	852
+2351	853
+126	854
+103	855
+135	856
+155	857
+198	858
+252	859
+294	860
+284	861
+274	862
+275	863
+153	864
+159	865
+258	866
+246	867
+233	868
+177	869
+175	870
+53	871
+33	872
+2463	873
+2569	874
+221	875
+234	876
+230	877
+225	878
+216	879
+223	880
+226	881
+222	882
+229	883
+219	884
+220	885
+217	886
+212	887
+211	888
+209	889
+2328	890
+2308	891
+2262	892
+2323	893
+2298	894
+2272	895
+2274	896
+2342	897
+2324	898
+2309	899
+2312	900
+2316	901
+2319	902
+2321	903
+1832	904
+1861	905
+1843	906
+1818	907
+1764	908
+1702	909
+1631	910
+1499	911
+1451	912
+1381	913
+1339	914
+1331	915
+1829	916
+1840	917
+1831	918
+1821	919
+1800	920
+1809	921
+1810	922
+70	923
+71	924
+69	925
+73	926
+289	927
+314	928
+315	929
+281	930
+192	931
+190	932
+245	933
+205	934
+206	935
+171	936
+154	937
+137	938
+121	939
+52	940
+59	941
+64	942
+62	943
+61	944
+306	945
+305	946
+297	947
+265	948
+256	949
+273	950
+286	951
+288	952
+923	953
+1250	954
+1083	955
+1000	956
+844	957
+826	958
+803	959
+797	960
+741	961
+743	962
+719	963
+635	964
+466	965
+345	966
+307	967
+290	968
+276	969
+279	970
+285	971
+282	972
+2210	973
+2160	974
+2116	975
+2190	976
+2100	977
+65	978
+74	979
+83	980
+84	981
+51	982
+45	983
+44	984
+48	985
+2584	986
+304	987
+303	988
+388	989
+382	990
+510	991
+521	992
+561	993
+278	994
+283	995
+2723	996
+2758	997
+2748	998
+2734	999
+2745	1000
+2749	1001
+2739	1002
+2742	1003
+2716	1004
+2707	1005
+2732	1006
+2743	1007
+2741	1008
+2717	1009
+2721	1010
+2730	1011
+2731	1012
+2747	1013
+2762	1014
+2755	1015
+2765	1016
+2774	1017
+2788	1018
+2787	1019
+2771	1020
+2751	1021
+2750	1022
+2763	1023
+2769	1024
+2770	1025
+2760	1026
+2736	1027
+2727	1028
+2722	1029
+2719	1030
+2724	1031
+2692	1032
+2221	1033
+2213	1034
+2120	1035
+670	1036
+680	1037
+664	1038
+654	1039
+656	1040
+612	1041
+554	1042
+667	1043
+669	1044
+666	1045
+597	1046
+843	1047
+1273	1048
+1296	1049
+1123	1050
+1065	1051
+890	1052
+801	1053
+1035	1054
+929	1055
+822	1056
+740	1057
+677	1058
+625	1059
+746	1060
+498	1061
+375	1062
+420	1063
+440	1064
+663	1065
+641	1066
+2125	1067
+2035	1068
+2381	1069
+920	1070
+983	1071
+999	1072
+972	1073
+993	1074
+1029	1075
+1062	1076
+1084	1077
+1118	1078
+1094	1079
+1149	1080
+1265	1081
+1324	1082
+1488	1083
+1556	1084
+1591	1085
+1580	1086
+1579	1087
+1596	1088
+1618	1089
+1581	1090
+1545	1091
+1541	1092
+1515	1093
+1563	1094
+1502	1095
+1524	1096
+1653	1097
+1588	1098
+1715	1099
+1892	1100
+1957	1101
+1992	1102
+2034	1103
+2187	1104
+1427	1105
+1522	1106
+1582	1107
+1346	1108
+780	1109
+689	1110
+1018	1111
+1244	1112
+1077	1113
+981	1114
+1348	1115
+1142	1116
+1423	1117
+1386	1118
+1392	1119
+1375	1120
+1390	1121
+1398	1122
+1357	1123
+1323	1124
+2030	1125
+2111	1126
+2289	1127
+2483	1128
+875	1129
+818	1130
+765	1131
+760	1132
+727	1133
+434	1134
+458	1135
+409	1136
+318	1137
+328	1138
+708	1139
+671	1140
+713	1141
+775	1142
+856	1143
+1734	1144
+1540	1145
+1655	1146
+1378	1147
+1307	1148
+1255	1149
+1106	1150
+690	1151
+679	1152
+672	1153
+611	1154
+651	1155
+922	1156
+943	1157
+958	1158
+979	1159
+1005	1160
+1022	1161
+1045	1162
+1040	1163
+1067	1164
+1082	1165
+1052	1166
+1066	1167
+1063	1168
+1023	1169
+1036	1170
+1028	1171
+997	1172
+1013	1173
+1012	1174
+1004	1175
+1009	1176
+1047	1177
+1037	1178
+1061	1179
+1064	1180
+1113	1181
+1161	1182
+1158	1183
+1191	1184
+1185	1185
+1181	1186
+1174	1187
+1192	1188
+1208	1189
+1239	1190
+1238	1191
+1225	1192
+1218	1193
+1237	1194
+1242	1195
+1260	1196
+1268	1197
+1295	1198
+1303	1199
+1322	1200
+1360	1201
+1373	1202
+1370	1203
+1408	1204
+173	1205
+247	1206
+300	1207
+295	1208
+363	1209
+453	1210
+446	1211
+424	1212
+425	1213
+418	1214
+196	1215
+202	1216
+197	1217
+201	1218
+208	1219
+210	1220
+2259	1221
+2251	1222
+2288	1223
+2326	1224
+2372	1225
+526	1226
+537	1227
+539	1228
+503	1229
+488	1230
+505	1231
+477	1232
+714	1233
+1380	1234
+1425	1235
+1203	1236
+1458	1237
+1368	1238
+1354	1239
+1325	1240
+1133	1241
+1031	1242
+1016	1243
+928	1244
+834	1245
+429	1246
+476	1247
+473	1248
+471	1249
+486	1250
+37	1251
+41	1252
+176	1253
+232	1254
+149	1255
+152	1256
+150	1257
+144	1258
+2334	1259
+2299	1260
+66	1261
+89	1262
+238	1263
+255	1264
+57	1265
+2796	1266
+2834	1267
+2856	1268
+2928	1269
+2991	1270
+2971	1271
+2989	1272
+2997	1273
+2996	1274
+3043	1275
+3044	1276
+3095	1277
+3119	1278
+3114	1279
+3149	1280
+3145	1281
+3229	1282
+3235	1283
+3276	1284
+3290	1285
+3283	1286
+3224	1287
+3219	1288
+3223	1289
+3211	1290
+3234	1291
+3246	1292
+3262	1293
+3267	1294
+49	1295
+427	1296
+423	1297
+362	1298
+158	1299
+2055	1300
+2250	1301
+298	1302
+311	1303
+319	1304
+330	1305
+339	1306
+359	1307
+351	1308
+360	1309
+372	1310
+384	1311
+368	1312
+379	1313
+377	1314
+380	1315
+415	1316
+430	1317
+441	1318
+442	1319
+464	1320
+444	1321
+456	1322
+459	1323
+457	1324
+461	1325
+448	1326
+436	1327
+421	1328
+416	1329
+468	1330
+463	1331
+451	1332
+493	1333
+557	1334
+532	1335
+494	1336
+452	1337
+336	1338
+437	1339
+438	1340
+445	1341
+2154	1342
+2133	1343
+2106	1344
+2104	1345
+2335	1346
+4194	1347
+4220	1348
+4241	1349
+4230	1350
+4246	1351
+4222	1352
+4035	1353
+3859	1354
+3664	1355
+3411	1356
+3256	1357
+3203	1358
+4131	1359
+4086	1360
+4096	1361
+4072	1362
+4062	1363
+4097	1364
+4105	1365
+4109	1366
+1124	1367
+1117	1368
+1119	1369
+1705	1370
+2046	1371
+2004	1372
+1933	1373
+1852	1374
+1130	1375
+1115	1376
+1126	1377
+1137	1378
+1153	1379
+1147	1380
+1152	1381
+1167	1382
+340	1383
+341	1384
+356	1385
+365	1386
+367	1387
+381	1388
+369	1389
+401	1390
+426	1391
+417	1392
+422	1393
+433	1394
+462	1395
+447	1396
+2775	1397
+2772	1398
+2777	1399
+2708	1400
+2804	1401
+2811	1402
+2773	1403
+2782	1404
+2822	1405
+2865	1406
+2880	1407
+2956	1408
+2983	1409
+3093	1410
+3108	1411
+3140	1412
+3173	1413
+3299	1414
+3318	1415
+3324	1416
+3388	1417
+3376	1418
+3368	1419
+3361	1420
+3394	1421
+3396	1422
+3383	1423
+3350	1424
+3287	1425
+3273	1426
+3258	1427
+3226	1428
+3295	1429
+3336	1430
+3439	1431
+3475	1432
+2378	1433
+900	1434
+759	1435
+812	1436
+874	1437
+858	1438
+1043	1439
+991	1440
+1017	1441
+1132	1442
+905	1443
+904	1444
+925	1445
+936	1446
+944	1447
+965	1448
+270	1449
+334	1450
+352	1451
+349	1452
+357	1453
+312	1454
+291	1455
+876	1456
+867	1457
+809	1458
+918	1459
+1051	1460
+891	1461
+912	1462
+863	1463
+857	1464
+787	1465
+906	1466
+917	1467
+886	1468
+927	1469
+933	1470
+602	1471
+609	1472
+608	1473
+589	1474
+570	1475
+549	1476
+573	1477
+568	1478
+619	1479
+613	1480
+575	1481
+601	1482
+244	1483
+235	1484
+239	1485
+249	1486
+254	1487
+261	1488
+242	1489
+243	1490
+54	1491
+338	1492
+392	1493
+364	1494
+469	1495
+402	1496
+389	1497
+325	1498
+271	1499
+373	1500
+371	1501
+394	1502
+509	1503
+500	1504
+487	1505
+489	1506
+432	1507
+396	1508
+400	1509
+399	1510
+623	1511
+507	1512
+302	1513
+310	1514
+621	1515
+646	1516
+652	1517
+638	1518
+2728	1519
+2735	1520
+2701	1521
+76	1522
+96	1523
+63	1524
+228	1525
+236	1526
+1410	1527
+1578	1528
+1231	1529
+1103	1530
+637	1531
+629	1532
+702	1533
+729	1534
+724	1535
+784	1536
+781	1537
+805	1538
+833	1539
+828	1540
+852	1541
+864	1542
+861	1543
+916	1544
+940	1545
+695	1546
+644	1547
+633	1548
+2032	1549
+2276	1550
+180	1551
+2268	1552
+2304	1553
+179	1554
+142	1555
+56	1556
+1676	1557
+1813	1558
+1833	1559
+1811	1560
+1801	1561
+1819	1562
+1845	1563
+1856	1564
+1842	1565
+1885	1566
+1920	1567
+1864	1568
+1826	1569
+1790	1570
+1782	1571
+1808	1572
+1798	1573
+1784	1574
+1787	1575
+1756	1576
+1804	1577
+1806	1578
+1834	1579
+1847	1580
+1894	1581
+1936	1582
+2017	1583
+2027	1584
+2060	1585
+2181	1586
+2198	1587
+2058	1588
+2196	1589
+1509	1590
+1448	1591
+871	1592
+592	1593
+1495	1594
+1848	1595
+1464	1596
+1453	1597
+2227	1598
+2273	1599
+2287	1600
+2266	1601
+156	1602
+85	1603
+474	1604
+406	1605
+492	1606
+214	1607
+224	1608
+978	1609
+1785	1610
+1374	1611
+1249	1612
+1309	1613
+1493	1614
+1486	1615
+1183	1616
+1171	1617
+1127	1618
+1146	1619
+910	1620
+693	1621
+627	1622
+203	1623
+188	1624
+183	1625
+200	1626
+2164	1627
+2193	1628
+2338	1629
+2074	1630
+2093	1631
+470	1632
+501	1633
+576	1634
+850	1635
+964	1636
+907	1637
+893	1638
+899	1639
+919	1640
+395	1641
+398	1642
+387	1643
+794	1644
+757	1645
+764	1646
+804	1647
+859	1648
+935	1649
+937	1650
+902	1651
+800	1652
+755	1653
+715	1654
+799	1655
+820	1656
+879	1657
+898	1658
+924	1659
+449	1660
+405	1661
+584	1662
+591	1663
+975	1664
+1075	1665
+932	1666
+889	1667
+786	1668
+439	1669
+2	1670
+169	1671
+4	1672
+6	1673
+564	1674
+793	1675
+851	1676
+865	1677
+838	1678
+810	1679
+551	1680
+553	1681
+543	1682
+533	1683
+523	1684
+529	1685
+186	1686
+1628	1687
+1691	1688
+1714	1689
+1803	1690
+1841	1691
+1867	1692
+1850	1693
+2167	1694
+2738	1695
+2714	1696
+2905	1697
+2911	1698
+2961	1699
+391	1700
+546	1701
+2084	1702
+2166	1703
+2146	1704
+2157	1705
+2129	1706
+2759	1707
+2835	1708
+2910	1709
+2952	1710
+3005	1711
+3133	1712
+3263	1713
+3365	1714
+3389	1715
+3416	1716
+3378	1717
+3488	1718
+3575	1719
+3582	1720
+3610	1721
+3594	1722
+3600	1723
+3597	1724
+3602	1725
+3657	1726
+3698	1727
+3669	1728
+3679	1729
+3659	1730
+3690	1731
+3788	1732
+3799	1733
+3837	1734
+3874	1735
+335	1736
+455	1737
+467	1738
+1437	1739
+1245	1740
+1190	1741
+1485	1742
+1879	1743
+2768	1744
+3629	1745
+1002	1746
+1365	1747
+1355	1748
+1337	1749
+1318	1750
+1314	1751
+1316	1752
+1294	1753
+1319	1754
+1310	1755
+204	1756
+193	1757
+184	1758
+174	1759
+161	1760
+146	1761
+779	1762
+776	1763
+853	1764
+952	1765
+1049	1766
+956	1767
+1643	1768
+1573	1769
+1492	1770
+1630	1771
+1621	1772
+1574	1773
+756	1774
+742	1775
+734	1776
+721	1777
+718	1778
+726	1779
+2740	1780
+2720	1781
+2726	1782
+2746	1783
+2704	1784
+2725	1785
+5111	1786
+5751	1787
+10213	1788
+13687	1789
+15738	1790
+18607	1791
+23800	1792
+25915	1793
+30167	1794
+34127	1795
+35060	1796
+37215	1797
+39817	1798
+604	1799
+610	1800
+615	1801
+636	1802
+639	1803
+700	1804
+660	1805
+645	1806
+643	1807
+676	1808
+691	1809
+752	1810
+758	1811
+744	1812
+751	1813
+814	1814
+813	1815
+811	1816
+817	1817
+806	1818
+841	1819
+827	1820
+819	1821
+808	1822
+835	1823
+845	1824
+842	1825
+873	1826
+885	1827
+987	1828
+1019	1829
+1056	1830
+777	1831
+4926	1832
+4959	1833
+5027	1834
+5056	1835
+5122	1836
+5225	1837
+5378	1838
+5457	1839
+5488	1840
+5404	1841
+5337	1842
+5376	1843
+5381	1844
+5399	1845
+5504	1846
+5481	1847
+5465	1848
+5508	1849
+5501	1850
+5511	1851
+5546	1852
+5571	1853
+5621	1854
+5671	1855
+5703	1856
+5656	1857
+5678	1858
+5668	1859
+5901	1860
+5955	1861
+6001	1862
+6112	1863
+6307	1864
+6347	1865
+6384	1866
+6510	1867
+6685	1868
+6761	1869
+6823	1870
+6891	1871
+6901	1872
+6920	1873
+7007	1874
+7035	1875
+7136	1876
+7161	1877
+7183	1878
+7263	1879
+7271	1880
+7257	1881
+7163	1882
+7134	1883
+7051	1884
+7031	1885
+7047	1886
+7053	1887
+7169	1888
+7085	1889
+7139	1890
+7242	1891
+931	1892
+1078	1893
+1121	1894
+2776	1895
+2766	1896
+2779	1897
+2785	1898
+2780	1899
+2786	1900
+2767	1901
+2757	1902
+2753	1903
+2783	1904
+2781	1905
+2752	1906
+2754	1907
+2733	1908
+2761	1909
+2764	1910
+2792	1911
+2795	1912
+2789	1913
+2797	1914
+2794	1915
+293	1916
+329	1917
+1089	1918
+512	1919
+518	1920
+527	1921
+479	1922
+1189	1923
+1214	1924
+1247	1925
+1356	1926
+1405	1927
+1561	1928
+19	1929
+483	1930
+435	1931
+443	1932
+495	1933
+732	1934
+774	1935
+788	1936
+824	1937
+839	1938
+870	1939
+882	1940
+682	1941
+617	1942
+347	1943
+1032	1944
+1261	1945
+1279	1946
+1396	1947
+1449	1948
+383	1949
+393	1950
+390	1951
+1641	1952
+1535	1953
+1792	1954
+1854	1955
+1844	1956
+1853	1957
+1838	1958
+1825	1959
+1748	1960
+1793	1961
+267	1962
+269	1963
+322	1964
+535	1965
+630	1966
+685	1967
+783	1968
+605	1969
+3025	1970
+2999	1971
+2938	1972
+1930	1973
+1915	1974
+1862	1975
+3051	1976
+3084	1977
+3099	1978
+3159	1979
+3232	1980
+3307	1981
+3387	1982
+3516	1983
+2040	1984
+2049	1985
+2036	1986
+2126	1987
+2172	1988
+534	1989
+555	1990
+607	1991
+309	1992
+1281	1993
+1274	1994
+1136	1995
+1038	1996
+579	1997
+673	1998
+2866	1999
+2875	2000
+2864	2001
+2082	2002
+1986	2003
+1970	2004
+1889	2005
+1758	2006
+1617	2007
+1615	2008
+1571	2009
+1459	2010
+1349	2011
+1277	2012
+1211	2013
+1184	2014
+1034	2015
+1003	2016
+789	2017
+791	2018
+782	2019
+753	2020
+762	2021
+792	2022
+769	2023
+738	2024
+723	2025
+725	2026
+711	2027
+698	2028
+681	2029
+665	2030
+634	2031
+640	2032
+678	2033
+701	2034
+747	2035
+736	2036
+761	2037
+308	2038
+2229	2039
+771	2040
+796	2041
+926	2042
+1008	2043
+1150	2044
+1209	2045
+1114	2046
+1110	2047
+628	2048
+598	2049
+596	2050
+961	2051
+887	2052
+840	2053
+934	2054
+1859	2055
+1868	2056
+1945	2057
+1955	2058
+2117	2059
+2122	2060
+2103	2061
+2204	2062
+2886	2063
+2912	2064
+2978	2065
+2981	2066
+182	2067
+207	2068
+250	2069
+120	2070
+2226	2071
+2191	2072
+2031	2073
+914	2074
+949	2075
+946	2076
+973	2077
+974	2078
+942	2079
+963	2080
+962	2081
+966	2082
+985	2083
+996	2084
+989	2085
+967	2086
+1087	2087
+1111	2088
+1162	2089
+1172	2090
+1193	2091
+1200	2092
+1205	2093
+1221	2094
+1216	2095
+1219	2096
+1212	2097
+1204	2098
+1206	2099
+1182	2100
+1176	2101
+1173	2102
+1224	2103
+1254	2104
+1846	2105
+1835	2106
+1874	2107
+1877	2108
+1270	2109
+1283	2110
+1299	2111
+1306	2112
+1271	2113
+1358	2114
+1362	2115
+1280	2116
+1320	2117
+1234	2118
+1154	2119
+1139	2120
+1120	2121
+1138	2122
+1102	2123
+1099	2124
+2729	2125
+2199	2126
+2252	2127
+4170	2128
+4106	2129
+3982	2130
+4064	2131
+4136	2132
+4340	2133
+4123	2134
+4785	2135
+4857	2136
+4801	2137
+4568	2138
+4154	2139
+4017	2140
+3891	2141
+4199	2142
+4181	2143
+4175	2144
+4163	2145
+4140	2146
+3909	2147
+4032	2148
+111	2149
+590	2150
+586	2151
+577	2152
+622	2153
+624	2154
+626	2155
+191	2156
+185	2157
+1186	2158
+1329	2159
+1293	2160
+1311	2161
+1361	2162
+1406	2163
+1457	2164
+1144	2165
+1180	2166
+1195	2167
+1226	2168
+1198	2169
+1194	2170
+1157	2171
+1246	2172
+1256	2173
+1267	2174
+1343	2175
+1344	2176
+1394	2177
+1384	2178
+1466	2179
+1511	2180
+1532	2181
+1537	2182
+1539	2183
+1529	2184
+1514	2185
+1523	2186
+1554	2187
+1533	2188
+1530	2189
+1575	2190
+1570	2191
+1531	2192
+1555	2193
+1551	2194
+1166	2195
+1646	2196
+1701	2197
+524	2198
+2279	2199
+593	2200
+735	2201
+707	2202
+1177	2203
+1236	2204
+1439	2205
+697	2206
+1248	2207
+1024	2208
+986	2209
+778	2210
+772	2211
+0	2212
+39	2213
+42	2214
+720	2215
+531	2216
+465	2217
+728	2218
+731	2219
+745	2220
+1474	2221
+1413	2222
+1391	2223
+1334	2224
+1397	2225
+1377	2226
+668	2227
+614	2228
+620	2229
+706	2230
+848	2231
+1353	2232
+1282	2233
+1420	2234
+1415	2235
+647	2236
+125	2237
+141	2238
+128	2239
+124	2240
+133	2241
+122	2242
+55	2243
+767	2244
+370	2245
+785	2246
+807	2247
+831	2248
+2119	2249
+2203	2250
+2184	2251
+2202	2252
+2087	2253
+2005	2254
+1985	2255
+1431	2256
+1389	2257
+2174	2258
+344	2259
+903	2260
+763	2261
+877	2262
+976	2263
+12	2264
+1824	2265
+1849	2266
+1860	2267
+1805	2268
+1858	2269
+1898	2270
+1863	2271
+1891	2272
+1837	2273
+1788	2274
+1786	2275
+1465	2276
+1507	2277
+1527	2278
+1549	2279
+1557	2280
+1566	2281
+1553	2282
+1543	2283
+1438	2284
+1434	2285
+1445	2286
+1506	2287
+1542	2288
+1560	2289
+1598	2290
+1577	2291
+1601	2292
+1627	2293
+1637	2294
+1666	2295
+1681	2296
+1700	2297
+1708	2298
+1712	2299
+1686	2300
+1668	2301
+1678	2302
+1661	2303
+1665	2304
+1669	2305
+1692	2306
+1682	2307
+1674	2308
+3306	2309
+2950	2310
+1973	2311
+2039	2312
+2053	2313
+2253	2314
+2014	2315
+2073	2316
+2094	2317
+1977	2318
+2020	2319
+2026	2320
+2098	2321
+1941	2322
+1897	2323
+1760	2324
+1751	2325
+1743	2326
+913	2327
+1092	2328
+1068	2329
+1704	2330
+1732	2331
+683	2332
+2790	2333
+2801	2334
+2799	2335
+2798	2336
+2800	2337
+2817	2338
+2784	2339
+2816	2340
+1484	2341
+1498	2342
+1513	2343
+1480	2344
+1338	2345
+1512	2346
+1470	2347
+1452	2348
+632	2349
+603	2350
+497	2351
+485	2352
+1467	2353
+1469	2354
+1564	2355
+1632	2356
+1086	2357
+1116	2358
+1241	2359
+1178	2360
+1072	2361
+749	2362
+1600	2363
+1651	2364
+1662	2365
+1698	2366
+1718	2367
+502	2368
+215	2369
+268	2370
+138	2371
+151	2372
+47	2373
+1001	2374
+1011	2375
+892	2376
+951	2377
+970	2378
+1021	2379
+1014	2380
+1134	2381
+1169	2382
+1302	2383
+1412	2384
+1411	2385
+1482	2386
+1604	2387
+1611	2388
+1642	2389
+1709	2390
+1776	2391
+1949	2392
+1971	2393
+1943	2394
+2024	2395
+2056	2396
+2139	2397
+2208	2398
+790	2399
+1076	2400
+1071	2401
+1243	2402
+1454	2403
+1602	2404
+1612	2405
+1629	2406
+1606	2407
+1658	2408
+1699	2409
+1735	2410
+1780	2411
+1827	2412
+1876	2413
+1913	2414
+1931	2415
+1910	2416
+1924	2417
+1899	2418
+1857	2419
+1893	2420
+1878	2421
+1919	2422
+1947	2423
+1983	2424
+2029	2425
+1996	2426
+1958	2427
+1911	2428
+1927	2429
+1869	2430
+1814	2431
+2001	2432
+1998	2433
+1534	2434
+1446	2435
+1479	2436
+1729	2437
+2047	2438
+2124	2439
+1895	2440
+1781	2441
+1619	2442
+2077	2443
+2825	2444
+2837	2445
+2862	2446
+2858	2447
+2887	2448
+2851	2449
+2802	2450
+2845	2451
+2814	2452
+43	2453
+36	2454
+2209	2455
+2197	2456
+1710	2457
+1707	2458
+1914	2459
+2841	2460
+2917	2461
+3103	2462
+3269	2463
+1680	2464
+1684	2465
+1720	2466
+1737	2467
+1753	2468
+1738	2469
+1823	2470
+2904	2471
+2920	2472
+2823	2473
+3047	2474
+2744	2475
+168	2476
+361	2477
+165	2478
+164	2479
+178	2480
+346	2481
+1073	2482
+1517	2483
+1625	2484
+145	2485
+815	2486
+581	2487
+1010	2488
+836	2489
+832	2490
+847	2491
+855	2492
+9443	2493
+6004	2494
+4248	2495
+14050	2496
+4929	2497
+3558	2498
+43010	2499
+46030	2500
+119	2501
+129	2502
+140	2503
+1026	2504
+189	2505
+2107	2506
+2136	2507
+968	2508
+957	2509
+988	2510
+995	2511
+1057	2512
+1164	2513
+1240	2514
+1505	2515
+1516	2516
+1546	2517
+1572	2518
+1595	2519
+1599	2520
+1608	2521
+1552	2522
+1500	2523
+1473	2524
+1477	2525
+1440	2526
+1430	2527
+1490	2528
+1508	2529
+1609	2530
+1592	2531
+1634	2532
+1683	2533
+1744	2534
+1755	2535
+1766	2536
+1770	2537
+1794	2538
+1807	2539
+1851	2540
+1883	2541
+1836	2542
+1828	2543
+1816	2544
+1799	2545
+1775	2546
+1749	2547
+1685	2548
+1688	2549
+1719	2550
+1731	2551
+1170	2552
+1041	2553
+878	2554
+750	2555
+1151	2556
+1101	2557
+948	2558
+583	2559
+574	2560
+1131	2561
+2112	2562
+2006	2563
+1623	2564
+1614	2565
+1622	2566
+1528	2567
+1695	2568
+2080	2569
+2061	2570
+2067	2571
+7000	2572
+8500	2573
+12000	2574
+9000	2575
+8100	2576
+7500	2577
+6000	2578
+10000	2579
+17000	2580
+19000	2581
+113289	2582
+136137	2583
+172132	2584
+172988	2585
+219968	2586
+401972	2587
+1888848	2588
+2071257	2589
+3879409	2590
+4332834	2591
+4330810	2592
+3336026	2593
+3274016	2594
+3208719	2595
+3048759	2596
+3433695	2597
+3382169	2598
+3326002	2599
+3375222	2600
+3469849	2601
+3490105	2602
+3574830	2603
+3611222	2604
+3613495	2605
+3644826	2606
+3664088	2607
+3677472	2608
+3755251	2609
+1235	2610
+1108	2611
+945	2612
+1456	2613
+1455	2614
+1054	2615
+1496	2616
+1635	2617
+1385	2618
+1403	2619
+1419	2620
+712	2621
+854	2622
+849	2623
+894	2624
+688	2625
+684	2626
+1129	2627
+1096	2628
+1107	2629
+1088	2630
+1080	2631
+1044	2632
+977	2633
+955	2634
+930	2635
+921	2636
+950	2637
+883	2638
+872	2639
+869	2640
+2064	2641
+2219	2642
+2109	2643
+2009	2644
+2138	2645
+2108	2646
+2808	2647
+2815	2648
+2812	2649
+3532	2650
+3586	2651
+3721	2652
+3714	2653
+3726	2654
+3813	2655
+3850	2656
+3866	2657
+3818	2658
+3833	2659
+3900	2660
+3976	2661
+4031	2662
+4069	2663
+4070	2664
+4073	2665
+4142	2666
+4210	2667
+4167	2668
+4204	2669
+4203	2670
+4191	2671
+4289	2672
+4357	2673
+4313	2674
+4489	2675
+4636	2676
+4725	2677
+4840	2678
+5030	2679
+5094	2680
+5180	2681
+5251	2682
+5301	2683
+5323	2684
+5367	2685
+5428	2686
+5520	2687
+5587	2688
+5633	2689
+5646	2690
+5675	2691
+5627	2692
+5665	2693
+5724	2694
+5709	2695
+5745	2696
+5791	2697
+5838	2698
+5864	2699
+5967	2700
+6017	2701
+6082	2702
+6168	2703
+332	2704
+163	2705
+4130	2706
+4048	2707
+3888	2708
+4467	2709
+4578	2710
+1156	2711
+1583	2712
+1388	2713
+4144	2714
+4156	2715
+4161	2716
+4132	2717
+4046	2718
+4125	2719
+4228	2720
+881	2721
+1048	2722
+709	2723
+737	2724
+705	2725
+686	2726
+475	2727
+5943	2728
+5961	2729
+3225	2730
+5001	2731
+6265	2732
+5624	2733
+5954	2734
+6088	2735
+6030	2736
+6104	2737
+6177	2738
+6138	2739
+6155	2740
+506	2741
+1160	2742
+1074	2743
+908	2744
+199	2745
+895	2746
+825	2747
+888	2748
+884	2749
+862	2750
+1228	2751
+1330	2752
+1366	2753
+1393	2754
+1475	2755
+1463	2756
+1567	2757
+1771	2758
+1795	2759
+1903	2760
+1922	2761
+2038	2762
+2079	2763
+2263	2764
+480	2765
+969	2766
+14	2767
+2050	2768
+2113	2769
+484	2770
+915	2771
+911	2772
+860	2773
+941	2774
+730	2775
+710	2776
+542	2777
+481	2778
+823	2779
+2818	2780
+2976	2781
+2939	2782
+2994	2783
+3088	2784
+2966	2785
+2953	2786
+2963	2787
+2946	2788
+2937	2789
+2906	2790
+2885	2791
+2986	2792
+2998	2793
+3066	2794
+3161	2795
+3177	2796
+3214	2797
+3215	2798
+3239	2799
+3243	2800
+3236	2801
+3261	2802
+3272	2803
+3222	2804
+3201	2805
+3210	2806
+3188	2807
+3191	2808
+3087	2809
+3094	2810
+3067	2811
+3100	2812
+3171	2813
+181	2814
+4375	2815
+9058	2816
+10311	2817
+9266	2818
+9482	2819
+8969	2820
+8805	2821
+7792	2822
+7479	2823
+6782	2824
+6271	2825
+5962	2826
+5861	2827
+5769	2828
+3281	2829
+3248	2830
+3227	2831
+3192	2832
+3176	2833
+2898	2834
+3244	2835
+3217	2836
+3260	2837
+3275	2838
+3277	2839
+3294	2840
+2177	2841
+566	2842
+1290	2843
+1335	2844
+1369	2845
+1321	2846
+552	2847
+147	2848
+1125	2849
+1202	2850
+1313	2851
+1286	2852
+1436	2853
+1487	2854
+1536	2855
+1605	2856
+1663	2857
+1696	2858
+1768	2859
+1917	2860
+1901	2861
+2007	2862
+1929	2863
+1926	2864
+1906	2865
+2012	2866
+2043	2867
+2987	2868
+3048	2869
+3302	2870
+3028	2871
+3142	2872
+3148	2873
+3032	2874
+3070	2875
+2982	2876
+3013	2877
+3288	2878
+3151	2879
+3184	2880
+3090	2881
+3183	2882
+3362	2883
+3413	2884
+3486	2885
+3545	2886
+3635	2887
+3724	2888
+3786	2889
+3812	2890
+3851	2891
+3878	2892
+3857	2893
+3840	2894
+3884	2895
+3867	2896
+3819	2897
+3821	2898
+3755	2899
+3796	2900
+3915	2901
+3808	2902
+3927	2903
+1978	2904
+1994	2905
+2023	2906
+2143	2907
+3543	2908
+4021	2909
+4466	2910
+5003	2911
+5370	2912
+6425	2913
+7760	2914
+10730	2915
+13528	2916
+14453	2917
+16986	2918
+19483	2919
+20142	2920
+20684	2921
+1155	2922
+1112	2923
+1025	2924
+1143	2925
+571	2926
+585	2927
+516	2928
+3407	2929
+3197	2930
+2903	2931
+2895	2932
+2881	2933
+19.77	2934
+19.76	2935
+19.75	2936
+1093	2937
+1033	2938
+1429	2939
+1472	2940
+1468	2941
+1441	2942
+1424	2943
+1416	2944
+1461	2945
+1414	2946
+1363	2947
+1351	2948
+1521	2949
+1518	2950
+1547	2951
+1558	2952
+1432	2953
+134	2954
+323	2955
+136	2956
+2848	2957
+2819	2958
+2809	2959
+2807	2960
+2907	2961
+3128	2962
+3200	2963
+3238	2964
+3286	2965
+3319	2966
+3457	2967
+3491	2968
+3553	2969
+3768	2970
+3892	2971
+3992	2972
+4036	2973
+4117	2974
+4368	2975
+4638	2976
+4691	2977
+5074	2978
+5223	2979
+5387	2980
+5510	2981
+5619	2982
+5706	2983
+5845	2984
+5848	2985
+5828	2986
+5818	2987
+5853	2988
+5721	2989
+5702	2990
+5748	2991
+5834	2992
+5925	2993
+6002	2994
+6283	2995
+1027	2996
+1259	2997
+1352	2998
+1520	2999
+1673	3000
+1706	3001
+1747	3002
+1754	3003
+1778	3004
+1817	3005
+1916	3006
+1960	3007
+2019	3008
+1954	3009
+1948	3010
+1966	3011
+1969	3012
+1909	3013
+1900	3014
+1937	3015
+1980	3016
+560	3017
+544	3018
+548	3019
+606	3020
+868	3021
+971	3022
+994	3023
+953	3024
+1752	3025
+1991	3026
+2002	3027
+1942	3028
+1959	3029
+1993	3030
+1872	3031
+2091	3032
+160	3033
+3609	3034
+4168	3035
+2016	3036
+3487	3037
+3444	3038
+3436	3039
+3421	3040
+3454	3041
+3896	3042
+3465	3043
+3399	3044
+3446	3045
+2844	3046
+2852	3047
+2873	3048
+2840	3049
+2872	3050
+2922	3051
+2975	3052
+2957	3053
+2980	3054
+2974	3055
+3059	3056
+3209	3057
+3195	3058
+3300	3059
+3327	3060
+3329	3061
+3397	3062
+3363	3063
+3341	3064
+3221	3065
+3240	3066
+3206	3067
+3213	3068
+3198	3069
+3165	3070
+3098	3071
+3071	3072
+3056	3073
+3169	3074
+3194	3075
+1725	3076
+1503	3077
+1222	3078
+1201	3079
+1059	3080
+1050	3081
+616	3082
+1783	3083
+1399	3084
+2236	3085
+947	3086
+1407	3087
+1395	3088
+1633	3089
+1333	3090
+1317	3091
+1304	3092
+1345	3093
+1364	3094
+1497	3095
+1085	3096
+3687	3097
+3901	3098
+4262	3099
+4410	3100
+4483	3101
+4354	3102
+3991	3103
+3674	3104
+4407	3105
+3459	3106
+3473	3107
+653	3108
+959	3109
+1233	3110
+1402	3111
+2874	3112
+3023	3113
+3115	3114
+3326	3115
+3630	3116
+3730	3117
+3757	3118
+3775	3119
+3758	3120
+3750	3121
+3747	3122
+3756	3123
+3803	3124
+3961	3125
+4079	3126
+4158	3127
+4219	3128
+4253	3129
+4323	3130
+4353	3131
+4376	3132
+4555	3133
+4565	3134
+4570	3135
+4597	3136
+4635	3137
+4645	3138
+4682	3139
+4700	3140
+4705	3141
+4698	3142
+4655	3143
+4587	3144
+4614	3145
+4562	3146
+4498	3147
+4522	3148
+4529	3149
+4492	3150
+4628	3151
+2072	3152
+1989	3153
+1442	3154
+1504	3155
+2977	3156
+2944	3157
+2924	3158
+2934	3159
+2892	3160
+2908	3161
+2883	3162
+2960	3163
+2927	3164
+504	3165
+9	3166
+2890	3167
+3015	3168
+3017	3169
+3000	3170
+3006	3171
+3030	3172
+3041	3173
+3255	3174
+3296	3175
+3218	3176
+3479	3177
+1109	3178
+1141	3179
+1990	3180
+1967	3181
+1921	3182
+1865	3183
+8	3184
+7	3185
+588	3186
+594	3187
+1671	3188
+1745	3189
+1697	3190
+1670	3191
+1590	3192
+1371	3193
+1404	3194
+1443	3195
+1660	3196
+1647	3197
+1624	3198
+1589	3199
+1568	3200
+1544	3201
+1526	3202
+1462	3203
+909	3204
+1042	3205
+1060	3206
+1091	3207
+1105	3208
+1779	3209
+1217	3210
+1882	3211
+1199	3212
+1871	3213
+2813	3214
+2826	3215
+2821	3216
+2843	3217
+2861	3218
+2868	3219
+2870	3220
+2882	3221
+2877	3222
+2863	3223
+2876	3224
+2853	3225
+2850	3226
+2855	3227
+2857	3228
+2838	3229
+2832	3230
+2827	3231
+2842	3232
+2839	3233
+2859	3234
+2829	3235
+2830	3236
+2919	3237
+3068	3238
+3315	3239
+3423	3240
+3519	3241
+3583	3242
+3622	3243
+3581	3244
+3551	3245
+3557	3246
+3566	3247
+3568	3248
+3565	3249
+3540	3250
+3527	3251
+3547	3252
+3561	3253
+3665	3254
+3673	3255
+3699	3256
+3738	3257
+3739	3258
+3795	3259
+3877	3260
+4038	3261
+4139	3262
+4221	3263
+4249	3264
+4355	3265
+4374	3266
+4412	3267
+4511	3268
+4542	3269
+4615	3270
+4684	3271
+4733	3272
+4795	3273
+4888	3274
+5031	3275
+5012	3276
+4971	3277
+4963	3278
+4930	3279
+4882	3280
+4841	3281
+4816	3282
+4834	3283
+4823	3284
+4873	3285
+4902	3286
+4829	3287
+4869	3288
+545	3289
+511	3290
+768	3291
+982	3292
+722	3293
+696	3294
+717	3295
+733	3296
+901	3297
+1328	3298
+980	3299
+998	3300
+1007	3301
+3091	3302
+3123	3303
+3182	3304
+5	3305
+3	3306
+1762	3307
+739	3308
+992	3309
+880	3310
+1315	3311
+1372	3312
+954	3313
+1227	3314
+1297	3315
+1272	3316
+1179	3317
+939	3318
+699	3319
+1716	3320
+1812	3321
+1888	3322
+3073	3323
+3179	3324
+3208	3325
+3122	3326
+3085	3327
+3150	3328
+3370	3329
+3492	3330
+3587	3331
+3590	3332
+3549	3333
+3537	3334
+3599	3335
+3604	3336
+3641	3337
+3637	3338
+3651	3339
+3713	3340
+3709	3341
+3712	3342
+3717	3343
+3703	3344
+3710	3345
+3648	3346
+3782	3347
+3817	3348
+3931	3349
+3882	3350
+3890	3351
+3996	3352
+2033	3353
+2008	3354
+1907	3355
+837	3356
+1418	3357
+1340	3358
+1347	3359
+1287	3360
+1289	3361
+2831	3362
+1904	3363
+1501	3364
+582	3365
+569	3366
+3117	3367
+1902	3368
+1981	3369
+2018	3370
+1972	3371
+1974	3372
+984	3373
+1995	3374
+1968	3375
+1908	3376
+1777	3377
+5522	3378
+5077	3379
+6250	3380
+6468	3381
+7547	3382
+8372	3383
+9518	3384
+9838	3385
+11204	3386
+11902	3387
+1039	3388
+514	3389
+1376	3390
+3663	3391
+3499	3392
+3366	3393
+3110	3394
+1597	3395
+3751	3396
+3761	3397
+3784	3398
+3924	3399
+3920	3400
+1159	3401
+1230	3402
+1421	3403
+1336	3404
+1175	3405
+1379	3406
+1988	3407
+1053	3408
+798	3409
+770	3410
+11152	3411
+9283	3412
+3301	3413
+14817	3414
+14956	3415
+15034	3416
+15076	3417
+15499	3418
+15482	3419
+15837	3420
+9572	3421
+15967	3422
+16223	3423
+16399	3424
+1213	3425
+1478	3426
+1140	3427
+773	3428
+1015	3429
+821	3430
+1638	3431
+1742	3432
+1727	3433
+1562	3434
+1616	3435
+1649	3436
+1693	3437
+1656	3438
+1679	3439
+1717	3440
+1711	3441
+1713	3442
+1890	3443
+1830	3444
+1946	3445
+1703	3446
+1761	3447
+1746	3448
+1736	3449
+12761	3450
+12830	3451
+12932	3452
+12944	3453
+12926	3454
+12818	3455
+12290	3456
+12175	3457
+12189	3458
+12281	3459
+12296	3460
+12144	3461
+12606	3462
+12499	3463
+12489	3464
+12424	3465
+12449	3466
+12519	3467
+12522	3468
+12634	3469
+12667	3470
+12799	3471
+1944	3472
+2942	3473
+3120	3474
+3081	3475
+3060	3476
+3035	3477
+2984	3478
+2969	3479
+2941	3480
+2935	3481
+3010	3482
+3064	3483
+3137	3484
+3358	3485
+3429	3486
+3585	3487
+3646	3488
+3666	3489
+3691	3490
+3701	3491
+3778	3492
+3737	3493
+3744	3494
+3682	3495
+3556	3496
+3560	3497
+3645	3498
+3725	3499
+3741	3500
+3736	3501
+3814	3502
+6532	3503
+6602	3504
+6632	3505
+6676	3506
+6776	3507
+6832	3508
+6261	3509
+6219	3510
+6211	3511
+6123	3512
+6053	3513
+6041	3514
+6011	3515
+5964	3516
+5918	3517
+3002	3518
+2932	3519
+3731	3520
+3849	3521
+3732	3522
+4088	3523
+4322	3524
+3289	3525
+3162	3526
+3216	3527
+3207	3528
+3292	3529
+3373	3530
+3588	3531
+3705	3532
+3062	3533
+2913	3534
+2964	3535
+2921	3536
+897	3537
+960	3538
+938	3539
+1207	3540
+1594	3541
+1586	3542
+1548	3543
+1569	3544
+1759	3545
+1855	3546
+1672	3547
+1636	3548
+1262	3549
+4395	3550
+4456	3551
+4398	3552
+4433	3553
+4469	3554
+4461	3555
+4445	3556
+4426	3557
+4381	3558
+4371	3559
+4360	3560
+4337	3561
+4268	3562
+4192	3563
+4122	3564
+4076	3565
+4060	3566
+4074	3567
+1426	3568
+2805	3569
+2820	3570
+2915	3571
+2933	3572
+2867	3573
+2899	3574
+2954	3575
+2947	3576
+2945	3577
+2918	3578
+2900	3579
+3065	3580
+3205	3581
+3164	3582
+3178	3583
+3331	3584
+3335	3585
+3402	3586
+3443	3587
+3448	3588
+3406	3589
+3437	3590
+3418	3591
+3390	3592
+3469	3593
+3497	3594
+3572	3595
+3642	3596
+3685	3597
+3694	3598
+1257	3599
+1197	3600
+1098	3601
+990	3602
+1253	3603
+1285	3604
+1210	3605
+1251	3606
+2063	3607
+3619	3608
+3654	3609
+3763	3610
+3897	3611
+3906	3612
+3913	3613
+3954	3614
+4011	3615
+4092	3616
+4085	3617
+4075	3618
+4039	3619
+3988	3620
+3930	3621
+3921	3622
+3919	3623
+3876	3624
+3839	3625
+3855	3626
+3789	3627
+3649	3628
+3656	3629
+3735	3630
+3842	3631
+3943	3632
+4016	3633
+4127	3634
+4115	3635
+4124	3636
+4108	3637
+4113	3638
+4118	3639
+4061	3640
+4030	3641
+3904	3642
+3760	3643
+3774	3644
+3720	3645
+1266	3646
+1055	3647
+1263	3648
+1090	3649
+1100	3650
+4003	3651
+9403	3652
+9765	3653
+10084	3654
+10364	3655
+10524	3656
+10835	3657
+10946	3658
+10953	3659
+11337	3660
+11662	3661
+1610	3662
+1648	3663
+1650	3664
+1667	3665
+1640	3666
+1724	3667
+1750	3668
+1925	3669
+1875	3670
+1	3671
+704	3672
+694	3673
+515	3674
+3754	3675
+4707	3676
+6529	3677
+5792	3678
+4443	3679
+5176	3680
+4386	3681
+4602	3682
+4013	3683
+4520	3684
+4894	3685
+4893	3686
+4879	3687
+4571	3688
+5131	3689
+748	3690
+1006	3691
+3393	3692
+3460	3693
+3530	3694
+3626	3695
+3675	3696
+3776	3697
+3852	3698
+3807	3699
+4184	3700
+4413	3701
+4527	3702
+4627	3703
+4666	3704
+4828	3705
+4903	3706
+4995	3707
+5123	3708
+5170	3709
+5175	3710
+5165	3711
+5202	3712
+5209	3713
+5242	3714
+5308	3715
+5440	3716
+5616	3717
+5712	3718
+5779	3719
+5898	3720
+6151	3721
+6324	3722
+6343	3723
+6361	3724
+6506	3725
+6650	3726
+6794	3727
+6894	3728
+6921	3729
+6905	3730
+6966	3731
+7026	3732
+6976	3733
+7005	3734
+6963	3735
+6925	3736
+6919	3737
+6777	3738
+6766	3739
+6740	3740
+6767	3741
+6811	3742
+6779	3743
+6717	3744
+6784	3745
+1359	3746
+3034	3747
+3105	3748
+3075	3749
+3046	3750
+3021	3751
+3009	3752
+3022	3753
+3086	3754
+3141	3755
+3309	3756
+3321	3757
+3271	3758
+3264	3759
+3152	3760
+3089	3761
+3050	3762
+3014	3763
+3080	3764
+896	3765
+1046	3766
+1471	3767
+1215	3768
+1168	3769
+1689	3770
+1291	3771
+1252	3772
+1070	3773
+1428	3774
+1417	3775
+1069	3776
+846	3777
+1433	3778
+3631	3779
+3893	3780
+1401	3781
+1444	3782
+2086	3783
+1997	3784
+3147	3785
+3298	3786
+3428	3787
+3462	3788
+3414	3789
+3386	3790
+3618	3791
+3628	3792
+3524	3793
+3591	3794
+3702	3795
+3835	3796
+3871	3797
+3861	3798
+3880	3799
+4005	3800
+4029	3801
+4052	3802
+4056	3803
+4231	3804
+4287	3805
+4358	3806
+4380	3807
+4392	3808
+4403	3809
+4406	3810
+4396	3811
+4343	3812
+4463	3813
+4430	3814
+4452	3815
+4493	3816
+4533	3817
+4496	3818
+4884	3819
+5017	3820
+5119	3821
+3671	3822
+3749	3823
+3873	3824
+3510	3825
+3563	3826
+3578	3827
+3678	3828
+3797	3829
+3474	3830
+3410	3831
+3375	3832
+3333	3833
+3245	3834
+3249	3835
+3270	3836
+3354	3837
+3471	3838
+3513	3839
+3550	3840
+880.3	3841
+880.1	3842
+885.7	3843
+886.7	3844
+888.6	3845
+889.1	3846
+880.2	3847
+879.4	3848
+878.4	3849
+1278	3850
+1489	3851
+1584	3852
+1626	3853
+1694	3854
+1739	3855
+2057	3856
+1383	3857
+1887	3858
+830	3859
+2806	3860
+1721	3861
+1873	3862
+1905	3863
+2010	3864
+3952	3865
+3573	3866
+3024	3867
+1494	3868
+4326	3869
+4226	3870
+5776	3871
+6044	3872
+6087	3873
+6117	3874
+6114	3875
+6051	3876
+6063	3877
+6107	3878
+1559	3879
+1223	3880
+1220	3881
+10340	3882
+5068	3883
+5931	3884
+6212	3885
+7095	3886
+7743	3887
+8412	3888
+9404	3889
+10345	3890
+11262	3891
+11584	3892
+1664	3893
+1264	3894
+829	3895
+802	3896
+816	3897
+3458	3898
+3536	3899
+3820	3900
+3868	3901
+3912	3902
+4026	3903
+4187	3904
+4014	3905
+4047	3906
+3974	3907
+3940	3908
+3958	3909
+3937	3910
+3925	3911
+3933	3912
+3939	3913
+3999	3914
+4598	3915
+4649	3916
+4673	3917
+4717	3918
+4663	3919
+4596	3920
+4589	3921
+4599	3922
+4532	3923
+4634	3924
+4622	3925
+4604	3926
+4605	3927
+4495	3928
+4477	3929
+4448	3930
+4272	3931
+4214	3932
+4236	3933
+4257	3934
+4273	3935
+4189	3936
+4233	3937
+1593	3938
+3841	3939
+4484	3940
+1884	3941
+1796	3942
+3802	3943
+3740	3944
+3684	3945
+1300	3946
+1740	3947
+1400	3948
+1079	3949
+1923	3950
+4087	3951
+4275	3952
+1095	3953
+1308	3954
+1288	3955
+1332	3956
+1613	3957
+1675	3958
+1741	3959
+1769	3960
+1797	3961
+1763	3962
+2965	3963
+3957	3964
+3564	3965
+3074	3966
+3042	3967
+1839	3968
+1447	3969
+4720	3970
+1030	3971
+1122	3972
+1284	3973
+1305	3974
+1298	3975
+1659	3976
+1802	3977
+1982	3978
+1620	3979
+1276	3980
+1269	3981
+23702	3982
+19660	3983
+22681	3984
+18673	3985
+17098	3986
+15948	3987
+9957	3988
+6985	3989
+5346	3990
+4610	3991
+4318	3992
+3601	3993
+3268	3994
+3109	3995
+3031	3996
+1607	3997
+1585	3998
+23731	3999
+24439	4000
+24498	4001
+24287	4002
+23741	4003
+24385	4004
+24674	4005
+24743	4006
+25023	4007
+3058	4008
+3040	4009
+3138	4010
+3053	4011
+3174	4012
+3146	4013
+2958	4014
+1081	4015
+2037	4016
+5046	4017
+1128	4018
+1587	4019
+1866	4020
+1773	4021
+1870	4022
+2011	4023
+3282	4024
+3504	4025
+3593	4026
+3320	4027
+2878	4028
+3026	4029
+3011	4030
+3072	4031
+3947	4032
+3552	4033
+3037	4034
+1881	4035
+2888	4036
+3168	4037
+3157	4038
+3132	4039
+3139	4040
+3280	4041
+3274	4042
+3313	4043
+3322	4044
+3349	4045
+3364	4046
+3584	4047
+3715	4048
+3773	4049
+3801	4050
+3879	4051
+3865	4052
+3863	4053
+3889	4054
+3777	4055
+3771	4056
+3708	4057
+3706	4058
+3846	4059
+3917	4060
+4018	4061
+3562	4062
+3576	4063
+3506	4064
+3427	4065
+3251	4066
+3707	4067
+3689	4068
+3745	4069
+3672	4070
+866	4071
+5126	4072
+4990	4073
+4731	4074
+4301	4075
+4670	4076
+4538	4077
+4586	4078
+4624	4079
+4685	4080
+4439	4081
+4475	4082
+4535	4083
+4629	4084
+4594	4085
+4710	4086
+4964	4087
+5008	4088
+5086	4089
+5265	4090
+5220	4091
+5441	4092
+5934	4093
+6102	4094
+6360	4095
+6553	4096
+6617	4097
+6681	4098
+6796	4099
+7081	4100
+7218	4101
+7320	4102
+7316	4103
+7307	4104
+7291	4105
+7376	4106
+7396	4107
+7451	4108
+7389	4109
+7447	4110
+7499	4111
+7696	4112
+7787	4113
+8000	4114
+8120	4115
+8169	4116
+8165	4117
+8267	4118
+8416	4119
+8448	4120
+8542	4121
+8664	4122
+8727	4123
+8821	4124
+8826	4125
+8814	4126
+8769	4127
+8651	4128
+8588	4129
+8517	4130
+8571	4131
+8510	4132
+8527	4133
+8426	4134
+8461	4135
+8476	4136
+8521	4137
+8720	4138
+8717	4139
+8705	4140
+8779	4141
+6248	4142
+4689	4143
+4757	4144
+4833	4145
+4910	4146
+5108	4147
+5137	4148
+5338	4149
+5284	4150
+5277	4151
+5319	4152
+5307	4153
+5334	4154
+5310	4155
+5234	4156
+5171	4157
+5153	4158
+5185	4159
+5197	4160
+5270	4161
+5275	4162
+5313	4163
+5383	4164
+5392	4165
+5475	4166
+5603	4167
+5696	4168
+5811	4169
+5833	4170
+5875	4171
+5860	4172
+5857	4173
+5870	4174
+5924	4175
+5987	4176
+6115	4177
+6124	4178
+6216	4179
+6270	4180
+6288	4181
+6313	4182
+6304	4183
+6253	4184
+6257	4185
+6226	4186
+6213	4187
+6230	4188
+6339	4189
+6648	4190
+6726	4191
+7061	4192
+1550	4193
+2925	4194
+3069	4195
+3131	4196
+3265	4197
+3323	4198
+3401	4199
+3433	4200
+3442	4201
+3830	4202
+3805	4203
+3938	4204
+3997	4205
+3984	4206
+4027	4207
+4009	4208
+4044	4209
+4054	4210
+4081	4211
+4104	4212
+4135	4213
+4057	4214
+4066	4215
+4149	4216
+4176	4217
+4145	4218
+4209	4219
+3297	4220
+7473	4221
+20334	4222
+36161	4223
+50839	4224
+56144	4225
+62423	4226
+69640	4227
+76995	4228
+82609	4229
+90291	4230
+95874	4231
+104123	4232
+116771	4233
+2066	4234
+3061	4235
+3130	4236
+3325	4237
+3334	4238
+3305	4239
+3405	4240
+3452	4241
+3589	4242
+3746	4243
+3832	4244
+3862	4245
+3923	4246
+3951	4247
+3968	4248
+3941	4249
+3870	4250
+3827	4251
+3624	4252
+3614	4253
+3658	4254
+3677	4255
+1963	4256
+1984	4257
+1730	4258
+1104	4259
+1187	4260
+1327	4261
+9121	4262
+8750	4263
+8438	4264
+8118	4265
+7968	4266
+7673	4267
+7378	4268
+6286	4269
+5628	4270
+4654	4271
+9306	4272
+9448	4273
+9620	4274
+9872	4275
+10193	4276
+10500	4277
+10813	4278
+11042	4279
+11094	4280
+11321	4281
+1815	4282
+1301	4283
+1510	4284
+1483	4285
+1196	4286
+1690	4287
+1652	4288
+1292	4289
+4876	4290
+7414	4291
+8714	4292
+11144	4293
+9843	4294
+11169	4295
+12602	4296
+16441	4297
+8310	4298
+7960	4299
+8982	4300
+11945	4301
+15743	4302
+16465	4303
+17959	4304
+18643	4305
+19368	4306
+20086	4307
+20232	4308
+20306	4309
+17183	4310
+17201	4311
+16910	4312
+17402	4313
+17446	4314
+17111	4315
+17277	4316
+1312	4317
+1326	4318
+1820	4319
+1757	4320
+1097	4321
+6328	4322
+10100	4323
+15536	4324
+16875	4325
+19891	4326
+26064	4327
+29950	4328
+31720	4329
+33233	4330
+37124	4331
+41131	4332
+42420	4333
+3124	4334
+3181	4335
+3252	4336
+3308	4337
+3357	4338
+3342	4339
+3408	4340
+3359	4341
+3512	4342
+3728	4343
+3908	4344
+3853	4345
+3883	4346
+3983	4347
+3977	4348
+3887	4349
+3823	4350
+3971	4351
+5552	4352
+5513	4353
+5444	4354
+5401	4355
+5316	4356
+5107	4357
+4766	4358
+4525	4359
+4424	4360
+4351	4361
+5490	4362
+5445	4363
+5429	4364
+5400	4365
+5497	4366
+5585	4367
+5688	4368
+2891	4369
+1657	4370
+3007	4371
+20718	4372
+4621	4373
+4998	4374
+5341	4375
+5442	4376
+5560	4377
+5880	4378
+6302	4379
+6936	4380
+7642	4381
+21488	4382
+21580	4383
+21356	4384
+21354	4385
+21539	4386
+21139	4387
+21191	4388
+7994	4389
+8322	4390
+8347	4391
+12229	4392
+14104	4393
+14808	4394
+16688	4395
+21126	4396
+24242	4397
+27729	4398
+29382	4399
+30172	4400
+31065	4401
+32021	4402
+2889	4403
+3291	4404
+3259	4405
+3617	4406
+3371	4407
+3279	4408
+3514	4409
+3278	4410
+3220	4411
+3332	4412
+5039	4413
+5698	4414
+7347	4415
+7949	4416
+7130	4417
+7997	4418
+8551	4419
+9073	4420
+9165	4421
+8671	4422
+10281	4423
+11289	4424
+10443	4425
+10661	4426
+11376	4427
+3680	4428
+5024	4429
+3752	4430
+4346	4431
+1645	4432
+1654	4433
+3484	4434
+3381	4435
+5053	4436
+5191	4437
+5246	4438
+5296	4439
+5329	4440
+5410	4441
+5487	4442
+5263	4443
+5572	4444
+1880	4445
+3520	4446
+3697	4447
+3764	4448
+3688	4449
+3962	4450
+3875	4451
+3798	4452
+3970	4453
+3902	4454
+4015	4455
+3856	4456
+3748	4457
+3700	4458
+3743	4459
+3914	4460
+3981	4461
+4224	4462
+4162	4463
+4193	4464
+4077	4465
+4083	4466
+4058	4467
+4080	4468
+3995	4469
+4007	4470
+3980	4471
+4196	4472
+4294	4473
+4405	4474
+1422	4475
+795	4476
+1188	4477
+2884	4478
+2926	4479
+2897	4480
+3078	4481
+3228	4482
+3237	4483
+3337	4484
+3345	4485
+3317	4486
+3250	4487
+3204	4488
+3106	4489
+3116	4490
+3012	4491
+3052	4492
+3172	4493
+3822	4494
+3815	4495
+3729	4496
+3781	4497
+3692	4498
+3769	4499
+3727	4500
+3733	4501
+3612	4502
+3809	4503
+3800	4504
+3860	4505
+3881	4506
+3953	4507
+3986	4508
+4082	4509
+4090	4510
+4084	4511
+4051	4512
+4153	4513
+4237	4514
+4264	4515
+1934	4516
+1450	4517
+1232	4518
+2909	4519
+2833	4520
+3360	4521
+3374	4522
+3489	4523
+3466	4524
+3653	4525
+3804	4526
+3843	4527
+3926	4528
+1953	4529
+86020	4530
+1822	4531
+5455	4532
+6236	4533
+8278	4534
+11352	4535
+15203	4536
+19575	4537
+24317	4538
+31336	4539
+36482	4540
+42583	4541
+49607	4542
+52609	4543
+63664	4544
+71831	4545
+72273	4546
+77838	4547
+81768	4548
+80113	4549
+75431	4550
+71077	4551
+71850	4552
+75837	4553
+82351	4554
+81666	4555
+83376	4556
+86512	4557
+86678	4558
+85191	4559
+85946	4560
+87143	4561
+88004	4562
+89662	4563
+4737	4564
+4753	4565
+4922	4566
+5045	4567
+5128	4568
+5261	4569
+5305	4570
+5340	4571
+5425	4572
+5415	4573
+5524	4574
+5583	4575
+5651	4576
+5782	4577
+5744	4578
+5746	4579
+5713	4580
+5563	4581
+5526	4582
+5544	4583
+5556	4584
+5548	4585
+5523	4586
+5598	4587
+5694	4588
+5814	4589
+5771	4590
+5693	4591
+5626	4592
+5597	4593
+5658	4594
+5674	4595
+5648	4596
+5664	4597
+5663	4598
+5458	4599
+5456	4600
+5214	4601
+5227	4602
+5230	4603
+5222	4604
+5331	4605
+5325	4606
+1135	4607
+7653	4608
+7608	4609
+7681	4610
+7675	4611
+7569	4612
+7531	4613
+7560	4614
+7408	4615
+7294	4616
+7160	4617
+7038	4618
+6893	4619
+6846	4620
+6729	4621
+6628	4622
+6550	4623
+6495	4624
+6451	4625
+6305	4626
+6209	4627
+6077	4628
+5996	4629
+5820	4630
+5509	4631
+5411	4632
+4921	4633
+4652	4634
+4558	4635
+4526	4636
+4547	4637
+4377	4638
+4250	4639
+4068	4640
+4008	4641
+4004	4642
+3932	4643
+3916	4644
+3979	4645
+3928	4646
+3966	4647
+3838	4648
+3944	4649
+4195	4650
+4188	4651
+4428	4652
+4460	4653
+4455	4654
+4574	4655
+4515	4656
+4650	4657
+4679	4658
+4694	4659
+4366	4660
+4577	4661
+4284	4662
+4207	4663
+4372	4664
+4330	4665
+4299	4666
+4305	4667
+4320	4668
+4453	4669
+3395	4670
+3039	4671
+3346	4672
+3343	4673
+3330	4674
+3314	4675
+3340	4676
+1687	4677
+1979	4678
+3126	4679
+3125	4680
+3102	4681
+3189	4682
+3253	4683
+1939	4684
+1435	4685
+1476	4686
+34262	4687
+4539	4688
+35575	4689
+36091	4690
+35657	4691
+35800	4692
+36169	4693
+35970	4694
+36106	4695
+3434	4696
+1603	4697
+2854	4698
+3127	4699
+3503	4700
+3632	4701
+3793	4702
+3829	4703
+4020	4704
+4041	4705
+4133	4706
+4218	4707
+4213	4708
+4280	4709
+1644	4710
+3670	4711
+3667	4712
+3534	4713
+3662	4714
+3468	4715
+3403	4716
+3233	4717
+1767	4718
+1576	4719
+1722	4720
+2021	4721
+3950	4722
+3922	4723
+4099	4724
+4281	4725
+4329	4726
+4339	4727
+4296	4728
+4304	4729
+4271	4730
+4300	4731
+4315	4732
+4421	4733
+4572	4734
+4688	4735
+4956	4736
+5342	4737
+5489	4738
+5617	4739
+5756	4740
+5843	4741
+5937	4742
+6015	4743
+6086	4744
+6069	4745
+6071	4746
+6111	4747
+6149	4748
+6220	4749
+6239	4750
+6237	4751
+6259	4752
+6470	4753
+6584	4754
+6947	4755
+7089	4756
+1772	4757
+1258	4758
+2824	4759
+2955	4760
+3644	4761
+3445	4762
+6391	4763
+3470	4764
+16254	4765
+16318	4766
+15685	4767
+15025	4768
+7719	4769
+5267	4770
+4183	4771
+1789	4772
+16234	4773
+16267	4774
+16180	4775
+9719	4776
+10803	4777
+16876	4778
+16426	4779
+16163	4780
+16191	4781
+16138	4782
+15866	4783
+15831	4784
+16220	4785
+1733	4786
+3526	4787
+3541	4788
+3382	4789
+3400	4790
+3485	4791
+3467	4792
+4494	4793
+5435	4794
+8369	4795
+10018	4796
+7810	4797
+9467	4798
+10133	4799
+10615	4800
+11305	4801
+11970	4802
+12184	4803
+12215	4804
+2901	4805
+2896	4806
+2931	4807
+8697	4808
+10230	4809
+10273	4810
+10244	4811
+10277	4812
+10283	4813
+10384	4814
+10472	4815
+6513	4816
+10481	4817
+10534	4818
+10901	4819
+11143	4820
+3083	4821
+5990	4822
+4732	4823
+4951	4824
+4984	4825
+5071	4826
+5096	4827
+4835	4828
+4889	4829
+4931	4830
+5260	4831
+5580	4832
+5639	4833
+5647	4834
+5684	4835
+5740	4836
+5800	4837
+5784	4838
+5827	4839
+5952	4840
+5991	4841
+5970	4842
+6013	4843
+5947	4844
+5982	4845
+6054	4846
+6276	4847
+6356	4848
+6499	4849
+2051	4850
+5550	4851
+5527	4852
+5517	4853
+3367	4854
+3523	4855
+3580	4856
+4042	4857
+4809	4858
+4938	4859
+4981	4860
+4999	4861
+5015	4862
+5040	4863
+5081	4864
+5069	4865
+4860	4866
+4839	4867
+4942	4868
+5026	4869
+5200	4870
+5300	4871
+5477	4872
+5525	4873
+5554	4874
+5697	4875
+5728	4876
+5730	4877
+5821	4878
+5966	4879
+6373	4880
+6392	4881
+6437	4882
+6587	4883
+6569	4884
+6561	4885
+6549	4886
+6580	4887
+6614	4888
+6664	4889
+6799	4890
+6886	4891
+3134	4892
+3293	4893
+3212	4894
+3008	4895
+2993	4896
+3001	4897
+3767	4898
+3753	4899
+3625	4900
+3722	4901
+3762	4902
+3836	4903
+3898	4904
+1951	4905
+3704	4906
+2949	4907
+1481	4908
+1367	4909
+1728	4910
+1387	4911
+1382	4912
+4579	4913
+4701	4914
+4626	4915
+4517	4916
+4336	4917
+3834	4918
+3546	4919
+3369	4920
+3661	4921
+3621	4922
+3668	4923
+3077	4924
+4947	4925
+4402	4926
+4423	4927
+4394	4928
+4429	4929
+4338	4930
+4316	4931
+4349	4932
+4267	4933
+2048	4934
+3963	4935
+3993	4936
+4019	4937
+3404	4938
+3415	4939
+3438	4940
+3450	4941
+3344	4942
+5268	4943
+5125	4944
+5219	4945
+6371	4946
+6335	4947
+3515	4948
+3529	4949
+3417	4950
+5377	4951
+6418	4952
+6742	4953
+7599	4954
+7540	4955
+7852	4956
+3018	4957
+2869	4958
+2970	4959
+1723	4960
+3945	4961
+3973	4962
+5060	4963
+4944	4964
+5320	4965
+5417	4966
+5460	4967
+5582	4968
+5754	4969
+5491	4970
+5238	4971
+4765	4972
+5243	4973
+5080	4974
+5042	4975
+4976	4976
+4908	4977
+4856	4978
+4788	4979
+4791	4980
+4779	4981
+1935	4982
+12350	4983
+1538	4984
+1639	4985
+1460	4986
+2930	4987
+2973	4988
+3107	4989
+3055	4990
+3104	4991
+3660	4992
+3825	4993
+8380	4994
+13173	4995
+25468	4996
+32821	4997
+40288	4998
+51409	4999
+57407	5000
+55286	5001
+61940	5002
+64147	5003
+63840	5004
+65227	5005
+6465	5006
+8594	5007
+23653	5008
+36033	5009
+66102	5010
+42915	5011
+54954	5012
+57072	5013
+60383	5014
+50731	5015
+55844	5016
+59322	5017
+61893	5018
+1912	5019
+1791	5020
+1342	5021
+1409	5022
+2979	5023
+3579	5024
+4431	5025
+4521	5026
+4504	5027
+4561	5028
+4591	5029
+4755	5030
+4792	5031
+4800	5032
+4820	5033
+4774	5034
+4798	5035
+4811	5036
+4778	5037
+4849	5038
+4810	5039
+4813	5040
+4906	5041
+4934	5042
+5104	5043
+5419	5044
+5505	5045
+9447	5046
+6711	5047
+8077	5048
+10787	5049
+13932	5050
+6393	5051
+5643	5052
+6900	5053
+12128	5054
+11670	5055
+13925	5056
+18375	5057
+19578	5058
+21459	5059
+22403	5060
+23865	5061
+24313	5062
+26564	5063
+3155	5064
+3167	5065
+3158	5066
+2936	5067
+2995	5068
+2967	5069
+3029	5070
+2879	5071
+2988	5072
+2985	5073
+5372	5074
+5253	5075
+4915	5076
+4864	5077
+4793	5078
+5940	5079
+6022	5080
+6154	5081
+6404	5082
+6545	5083
+6631	5084
+6730	5085
+6780	5086
+6819	5087
+7071	5088
+654456	5089
+3242	5090
+7442	5091
+8536	5092
+10235	5093
+16172	5094
+17823	5095
+19311	5096
+17122	5097
+22846	5098
+26211	5099
+29571	5100
+28461	5101
+30613	5102
+36374	5103
+5717	5104
+5699	5105
+5555	5106
+5479	5107
+5332	5108
+5091	5109
+4877	5110
+4437	5111
+5708	5112
+5789	5113
+5862	5114
+6005	5115
+6095	5116
+6135	5117
+6208	5118
+6383	5119
+6483	5120
+6577	5121
+4507	5122
+4550	5123
+4556	5124
+4362	5125
+7471	5126
+6861	5127
+7604	5128
+7767	5129
+8108	5130
+8124	5131
+8021	5132
+3899	5133
+3858	5134
+3711	5135
+3620	5136
+3826	5137
+3696	5138
+2860	5139
+8212	5140
+5816	5141
+9095	5142
+14062	5143
+15716	5144
+10469	5145
+12971	5146
+15933	5147
+22502	5148
+17802	5149
+24161	5150
+35616	5151
+3076	5152
+2940	5153
+5685	5154
+5492	5155
+5356	5156
+5127	5157
+4850	5158
+4347	5159
+4126	5160
+3693	5161
+5851	5162
+5797	5163
+5910	5164
+1525	5165
+5969	5166
+6093	5167
+6349	5168
+6507	5169
+6624	5170
+3647	5171
+5362	5172
+3639	5173
+3949	5174
+3934	5175
+3636	5176
+3791	5177
+3964	5178
+3424	5179
+3016	5180
+3742	5181
+1765	5182
+1491	5183
+3936	5184
+4063	5185
+4094	5186
+4121	5187
+4229	5188
+4935	5189
+4414	5190
+5868	5191
+5914	5192
+5927	5193
+6126	5194
+6228	5195
+5034	5196
+4846	5197
+5634	5198
+5604	5199
+5872	5200
+5823	5201
+5909	5202
+5941	5203
+6137	5204
+4980	5205
+5413	5206
+8724	5207
+12135	5208
+20218	5209
+26816	5210
+26491	5211
+29254	5212
+31962	5213
+38239	5214
+34538	5215
+31223	5216
+34245	5217
+4509	5218
+4491	5219
+4400	5220
+4332	5221
+4208	5222
+4530	5223
+4595	5224
+4677	5225
+4712	5226
+4723	5227
+8012	5228
+8059	5229
+8035	5230
+8002	5231
+8013	5232
+8060	5233
+8130	5234
+6294	5235
+8364	5236
+8379	5237
+8585	5238
+1774	5239
+6263	5240
+5536	5241
+7282	5242
+6807	5243
+6467	5244
+3634	5245
+4781	5246
+5407	5247
+5463	5248
+5217	5249
+5438	5250
+5327	5251
+5018	5252
+4607	5253
+4540	5254
+5282	5255
+5389	5256
+5494	5257
+5741	5258
+3894	5259
+3828	5260
+3542	5261
+3554	5262
+3449	5263
+4110	5264
+4695	5265
+4563	5266
+1932	5267
+11006	5268
+3535	5269
+1163	5270
+1896	5271
+9680	5272
+13413	5273
+37296	5274
+31667	5275
+32506	5276
+46003	5277
+55355	5278
+49562	5279
+60935	5280
+102247	5281
+73328	5282
+89194	5283
+102914	5284
+6496	5285
+7330	5286
+9377	5287
+9754	5288
+9810	5289
+11088	5290
+11179	5291
+3092	5292
+5446	5293
+6967	5294
+8455	5295
+11745	5296
+12120	5297
+15229	5298
+16706	5299
+19264	5300
+20508	5301
+21149	5302
+23201	5303
+26811	5304
+9.38	5305
+1677	5306
+10095	5307
+27324	5308
+30484	5309
+37105	5310
+43349	5311
+53649	5312
+66177	5313
+66692	5314
+72098	5315
+80133	5316
+87720	5317
+94146	5318
+99435	5319
+103952	5320
+3384	5321
+3810	5322
+4059	5323
+4171	5324
+4197	5325
+4177	5326
+4510	5327
+4632	5328
+4799	5329
+5000	5330
+4880	5331
+4954	5332
+5032	5333
+5035	5334
+5190	5335
+5262	5336
+5360	5337
+5361	5338
+5344	5339
+5326	5340
+5398	5341
+5371	5342
+5482	5343
+5667	5344
+5608	5345
+5720	5346
+5920	5347
+3869	5348
+4053	5349
+4243	5350
+4308	5351
+4341	5352
+4651	5353
+5241	5354
+7928	5355
+9661	5356
+10419	5357
+13577	5358
+15021	5359
+16587	5360
+16791	5361
+1519	5362
+6060	5363
+6024	5364
+5995	5365
+5971	5366
+5978	5367
+5979	5368
+5863	5369
+5790	5370
+5625	5371
+5518	5372
+5430	5373
+5366	5374
+5285	5375
+5160	5376
+5079	5377
+5022	5378
+4972	5379
+4919	5380
+4878	5381
+4762	5382
+4782	5383
+4806	5384
+4890	5385
+4957	5386
+4928	5387
+5041	5388
+5044	5389
+4987	5390
+4874	5391
+4838	5392
+4802	5393
+4722	5394
+4729	5395
+4640	5396
+4716	5397
+4708	5398
+4748	5399
+4473	5400
+4637	5401
+4975	5402
+5020	5403
+5226	5404
+4378	5405
+4265	5406
+4112	5407
+4141	5408
+4182	5409
+3057	5410
+3316	5411
+4216	5412
+4312	5413
+4317	5414
+4668	5415
+5097	5416
+4977	5417
+4721	5418
+4669	5419
+4616	5420
+4470	5421
+2042	5422
+305780	5423
+294627	5424
+313890	5425
+318919	5426
+321075	5427
+323444	5428
+328156	5429
+329301	5430
+323744	5431
+326302	5432
+330920	5433
+332163	5434
+330635	5435
+328411	5436
+325386	5437
+320508	5438
+314086	5439
+309059	5440
+305741	5441
+302794	5442
+303247	5443
+304303	5444
+304219	5445
+302621	5446
+298042	5447
+295178	5448
+294984	5449
+294648	5450
+295191	5451
+300468	5452
+305974	5453
+310411	5454
+314685	5455
+318446	5456
+318025	5457
+316223	5458
+311292	5459
+312216	5460
+310475	5461
+308903	5462
+307730	5463
+306729	5464
+308385	5465
+308759	5466
+308353	5467
+307499	5468
+307900	5469
+307914	5470
+309795	5471
+311342	5472
+311969	5473
+313174	5474
+291458	5475
+299844	5476
+296690	5477
+25353	5478
+25093	5479
+24190	5480
+316265	5481
+304781	5482
+307997	5483
+309370	5484
+309721	5485
+311831	5486
+315554	5487
+5850	5488
+5761	5489
+5798	5490
+43219	5491
+5837	5492
+7401	5493
+10056	5494
+11586	5495
+14003	5496
+18118	5497
+24120	5498
+27250	5499
+29369	5500
+25169	5501
+42595	5502
+46074	5503
+50290	5504
+45396	5505
+44818	5506
+42513	5507
+43054	5508
+41822	5509
+44551	5510
+46939	5511
+46907	5512
+47702	5513
+48530	5514
+49880	5515
+49410	5516
+3154	5517
+3136	5518
+881730	5519
+343527	5520
+31479	5521
+21309	5522
+177767	5523
+3769051	5524
+4114	5525
+9792	5526
+3985	5527
+4111	5528
+4258	5529
+4422	5530
+4588	5531
+4352	5532
+4497	5533
+4804	5534
+4896	5535
+5002	5536
+5054	5537
+5098	5538
+5135	5539
+5201	5540
+5314	5541
+5418	5542
+5484	5543
+5535	5544
+5422	5545
+5364	5546
+5336	5547
+5293	5548
+5065	5549
+5120	5550
+5142	5551
+5373	5552
+5385	5553
+5395	5554
+3845	5555
+1565	5556
+3780	5557
+3453	5558
+3509	5559
+3615	5560
+4102	5561
+4279	5562
+4418	5563
+4385	5564
+4166	5565
+4457	5566
+4946	5567
+4960	5568
+5066	5569
+5047	5570
+5043	5571
+5063	5572
+5006	5573
+5148	5574
+5208	5575
+5216	5576
+5189	5577
+5138	5578
+5145	5579
+5162	5580
+5156	5581
+5283	5582
+5286	5583
+5459	5584
+4837	5585
+4741	5586
+4714	5587
+4690	5588
+4909	5589
+5025	5590
+5070	5591
+5205	5592
+5447	5593
+4545	5594
+4613	5595
+4815	5596
+4982	5597
+5116	5598
+5139	5599
+5100	5600
+4985	5601
+5078	5602
+5021	5603
+5478	5604
+5591	5605
+5681	5606
+5770	5607
+5922	5608
+5957	5609
+6046	5610
+6128	5611
+6038	5612
+6026	5613
+6029	5614
+5992	5615
+5932	5616
+5881	5617
+5912	5618
+4576	5619
+4970	5620
+5089	5621
+5088	5622
+3787	5623
+4593	5624
+4582	5625
+4552	5626
+4446	5627
+13282	5628
+13356	5629
+14134	5630
+6825	5631
+13493	5632
+13427	5633
+13331	5634
+13346	5635
+13294	5636
+13290	5637
+10314	5638
+13244	5639
+13298	5640
+13561	5641
+3864	5642
+3719	5643
+6021	5644
+5826	5645
+6718	5646
+6571	5647
+7050	5648
+7399	5649
+7529	5650
+5755	5651
+5888	5652
+5976	5653
+6122	5654
+6092	5655
+5822	5656
+5715	5657
+5594	5658
+5507	5659
+5653	5660
+5454	5661
+5278	5662
+5168	5663
+5073	5664
+4953	5665
+4952	5666
+9113	5667
+8208	5668
+8450	5669
+9811	5670
+8902	5671
+7907	5672
+7863	5673
+5977	5674
+4943	5675
+4749	5676
+9334	5677
+9460	5678
+9551	5679
+9717	5680
+9795	5681
+9825	5682
+9859	5683
+9732	5684
+10047	5685
+3816	5686
+11291	5687
+14988	5688
+16890	5689
+19314	5690
+26040	5691
+28962	5692
+42501	5693
+41383	5694
+39140	5695
+40930	5696
+42554	5697
+42946	5698
+44054	5699
+44665	5700
+44403	5701
+37595	5702
+38121	5703
+38721	5704
+39981	5705
+40593	5706
+40929	5707
+42239	5708
+43498	5709
+42950	5710
+44175	5711
+44120	5712
+42193	5713
+41888	5714
+41787	5715
+41653	5716
+40666	5717
+40178	5718
+39982	5719
+39602	5720
+39378	5721
+39819	5722
+39612	5723
+39883	5724
+41848	5725
+42693	5726
+42138	5727
+42672	5728
+42696	5729
+42671	5730
+42822	5731
+43183	5732
+43506	5733
+43719	5734
+43831	5735
+44101	5736
+44085	5737
+44203	5738
+44354	5739
+43640	5740
+43986	5741
+44611	5742
+45147	5743
+45783	5744
+45671	5745
+45141	5746
+45896	5747
+4012	5748
+4164	5749
+4217	5750
+4071	5751
+5805	5752
+7032	5753
+5281	5754
+5960	5755
+3096	5756
+3655	5757
+4297	5758
+4327	5759
+4411	5760
+4364	5761
+4409	5762
+4465	5763
+4660	5764
+4939	5765
+4936	5766
+5085	5767
+5432	5768
+5562	5769
+5839	5770
+5908	5771
+5985	5772
+6037	5773
+6153	5774
+6202	5775
+6215	5776
+6201	5777
+6185	5778
+6214	5779
+6293	5780
+6279	5781
+6413	5782
+6459	5783
+6703	5784
+6795	5785
+5304	5786
+10312	5787
+10390	5788
+10617	5789
+10756	5790
+10713	5791
+10747	5792
+11061	5793
+11132	5794
+11086	5795
+10754	5796
+10511	5797
+10506	5798
+10247	5799
+10060	5800
+9996	5801
+10088	5802
+10135	5803
+10134	5804
+9918	5805
+9644	5806
+9672	5807
+9449	5808
+9335	5809
+9140	5810
+8820	5811
+8586	5812
+8715	5813
+8514	5814
+7967	5815
+7687	5816
+7094	5817
+6914	5818
+6757	5819
+6618	5820
+6407	5821
+6234	5822
+6139	5823
+6163	5824
+6031	5825
+6016	5826
+5623	5827
+5500	5828
+5434	5829
+5347	5830
+5155	5831
+5087	5832
+4969	5833
+4989	5834
+4996	5835
+4993	5836
+4923	5837
+4842	5838
+4920	5839
+4916	5840
+4978	5841
+5480	5842
+5815	5843
+5777	5844
+6188	5845
+5406	5846
+5330	5847
+5083	5848
+4772	5849
+3441	5850
+6314	5851
+6342	5852
+6385	5853
+6400	5854
+6419	5855
+6278	5856
+6477	5857
+7718	5858
+7004	5859
+10970	5860
+12022	5861
+10786	5862
+11906	5863
+12151	5864
+12129	5865
+12651	5866
+13673	5867
+13693	5868
+6695	5869
+5095	5870
+5050	5871
+4991	5872
+5014	5873
+6327	5874
+10119	5875
+12036	5876
+15570	5877
+20330	5878
+20680	5879
+24193	5880
+25957	5881
+29309	5882
+32712	5883
+34517	5884
+37641	5885
+41101	5886
+41989	5887
+5420	5888
+5134	5889
+4623	5890
+4487	5891
+6047	5892
+6050	5893
+6143	5894
+4129	5895
+6386	5896
+6482	5897
+6603	5898
+6645	5899
+6750	5900
+6984	5901
+4120	5902
+3676	5903
+3785	5904
+3559	5905
+3379	5906
+3352	5907
+3391	5908
+3779	5909
+3824	5910
+3907	5911
+3895	5912
+3844	5913
+4055	5914
+4442	5915
+3153	5916
+5004	5917
+4625	5918
+4537	5919
+9054	5920
+13480	5921
+7785	5922
+3247	5923
+13426	5924
+13621	5925
+14010	5926
+13903	5927
+14098	5928
+9436	5929
+14538	5930
+14473	5931
+14449	5932
+4276	5933
+3783	5934
+4367	5935
+4740	5936
+4924	5937
+5029	5938
+5196	5939
+5206	5940
+5239	5941
+5273	5942
+4306	5943
+4512	5944
+4481	5945
+4548	5946
+4718	5947
+4742	5948
+4674	5949
+4699	5950
+4630	5951
+4078	5952
+4116	5953
BAN	5954
IBB	5955
IBA	5956
CEI	5957
GCE	5958
MOV	5959
+6751	5960
+6800	5961
+8503	5962
+8529	5963
+8610	5964
+8741	5965
+8908	5966
+8907	5967
+9119	5968
+9224	5969
+9456	5970
+9599	5971
+4261	5972
+5052	5973
+4983	5974
+5048	5975
+5051	5976
+3831	5977
+3885	5978
+4155	5979
+4251	5980
+4260	5981
+4298	5982
+4419	5983
+4359	5984
+4390	5985
+4344	5986
+4290	5987
+4270	5988
+4227	5989
+4180	5990
+3978	5991
+3960	5992
+3426	5993
+9115	5994
+9198	5995
+12753	5996
+14148	5997
+15036	5998
+15700	5999
+16850	6000
+17292	6001
+17051	6002
+1965	6003
+3539	6004
+2846	6005
+4697	6006
+4756	6007
+4818	6008
+4736	6009
+4647	6010
+4549	6011
+4608	6012
+4618	6013
+4713	6014
+5968	6015
+6841	6016
+5567	6017
+5618	6018
+5515	6019
+5622	6020
+3160	6021
+5539	6022
+5573	6023
+5612	6024
+5676	6025
+5718	6026
+5657	6027
+5835	6028
+5933	6029
+5461	6030
+5403	6031
+5256	6032
+5195	6033
+5010	6034
+4967	6035
+4146	6036
+4401	6037
+4440	6038
+4472	6039
+4768	6040
+4780	6041
+4724	6042
+4783	6043
+4727	6044
+4573	6045
+4675	6046
+4696	6047
+4763	6048
+5103	6049
+5289	6050
+5558	6051
+5607	6052
+5599	6053
+5799	6054
+5869	6055
+5983	6056
+6072	6057
+6160	6058
+6116	6059
+6179	6060
+6240	6061
+6274	6062
+6277	6063
+6178	6064
+6156	6065
+6148	6066
+6174	6067
+6136	6068
+6195	6069
+4653	6070
+5203	6071
+5059	6072
+5374	6073
+4408	6074
+1165	6075
+6816	6076
+6934	6077
+7199	6078
+7706.050	6079
+7157.690	6080
+545.963	6081
+2.371	6082
+7705	6083
+7165	6084
+7833	6085
+7240	6086
+3385	6087
+4449	6088
+4518	6089
+7477	6090
+7365	6091
+8530	6092
+9067	6093
+8788	6094
+8271	6095
+4427	6096
+4503	6097
+4334	6098
+4479	6099
+4091	6100
+4242	6101
+4664	6102
+4702	6103
+4974	6104
+4966	6105
+4968	6106
+5154	6107
+5247	6108
+5365	6109
+5322	6110
+5328	6111
+5318	6112
+5276	6113
+5380	6114
+5443	6115
+5514	6116
+5464	6117
+5533	6118
+5496	6119
+5294	6120
+5412	6121
+4761	6122
+6943	6123
+7343	6124
+8391	6125
+9382	6126
+10180	6127
+10137	6128
+10055	6129
+10150	6130
+10349	6131
+10370	6132
+10388	6133
+10179	6134
+10152	6135
+10005	6136
+9878	6137
+10017	6138
+10338	6139
+9981	6140
+10027	6141
+10043	6142
+10052	6143
+10101	6144
+10130	6145
+10368	6146
+10413	6147
+10591	6148
+10514	6149
+10365	6150
+10347	6151
+10379	6152
+10414	6153
+10352	6154
+10439	6155
+10421	6156
+10440	6157
+10449	6158
+10342	6159
+10246	6160
+10337	6161
+10578	6162
+10561	6163
+10696	6164
+10907	6165
+10983	6166
+11395	6167
+11361	6168
+11218	6169
+11244	6170
+3498	6171
+3990	6172
+9514	6173
+11320	6174
+19641	6175
+4200	6176
+4238	6177
+4295	6178
+4581	6179
+4739	6180
+5099	6181
+5393	6182
+5541	6183
+5725	6184
+5840	6185
+5975	6186
+6076	6187
+6134	6188
+6152	6189
+6193	6190
+6267	6191
+6411	6192
+6558	6193
+6635	6194
+6848	6195
+7015	6196
+7138	6197
+7258	6198
+7267	6199
+7296	6200
+7323	6201
+7496	6202
+7517	6203
+7494	6204
+7522	6205
+7549	6206
+7525	6207
+7571	6208
+7686	6209
+7836	6210
+7796	6211
+7822	6212
+7830	6213
+7937	6214
+7987	6215
+8048	6216
+8074	6217
+8170	6218
+4391	6219
+4179	6220
+4601	6221
+4002	6222
+4028	6223
+4049	6224
+4022	6225
+3989	6226
+3419	6227
+3613	6228
+3425	6229
+4232	6230
+4404	6231
+4425	6232
+4485	6233
+4024	6234
+4185	6235
+4752	6236
+4754	6237
+4711	6238
+4706	6239
+4758	6240
+4854	6241
+4868	6242
+2916	6243
+3027	6244
+1987	6245
+3723	6246
+4201	6247
+6144	6248
+6957	6249
+6739	6250
+6408	6251
+4886	6252
+5640	6253
+4848	6254
+8175	6255
+9184	6256
+8411	6257
+8463	6258
+8589	6259
+8593	6260
+8683	6261
+8885	6262
+5938	6263
+8926	6264
+8942	6265
+9059	6266
+38.04	6267
+38.03	6268
+38.02	6269
+38.07	6270
+38.08	6271
+38.09	6272
+3135	6273
+3175	6274
+4033	6275
+4190	6276
+4474	6277
+4524	6278
+4633	6279
+4648	6280
+4937	6281
+5299	6282
+5402	6283
+5433	6284
+5498	6285
+5503	6286
+5565	6287
+5641	6288
+5705	6289
+5690	6290
+5635	6291
+5615	6292
+5631	6293
+5601	6294
+5561	6295
+4160	6296
+3596	6297
+3633	6298
+3638	6299
+4067	6300
+3507	6301
+3285	6302
+3193	6303
+4169	6304
+4172	6305
+4206	6306
+4205	6307
+6100	6308
+5877	6309
+5759	6310
+5701	6311
+6057	6312
+6039	6313
+6049	6314
+6119	6315
+6440	6316
+6594	6317
+6672	6318
+6814	6319
+4619	6320
+5502	6321
+5499	6322
+3967	6323
+4147	6324
+6522	6325
+6262	6326
+6785	6327
+4534	6328
+5570	6329
+9937	6330
+12375	6331
+14499	6332
+14881	6333
+16266	6334
+17126	6335
+17115	6336
+17953	6337
+3186	6338
+3190	6339
+3616	6340
+5416	6341
+5448	6342
+5557	6343
+5605	6344
+5542	6345
+5450	6346
+5921	6347
+5994	6348
+7332	6349
+7104	6350
+6856	6351
+6246	6352
+4356	6353
+7676	6354
+7981	6355
+8755	6356
+8846	6357
+9089	6358
+9286	6359
+9501	6360
+9874	6361
+10200	6362
+15090	6363
+12881	6364
+4891	6365
+17992	6366
+17580	6367
+17843	6368
+18122	6369
+18237	6370
+18491	6371
+17190	6372
+18666	6373
+12309	6374
+18836	6375
+18984	6376
+19335	6377
+3975	6378
+4037	6379
+4174	6380
+4247	6381
+4234	6382
+4244	6383
+4239	6384
+4335	6385
+4462	6386
+4661	6387
+4715	6388
+4728	6389
+4501	6390
+4397	6391
+4432	6392
+4544	6393
+4600	6394
+8356	6395
+3347	6396
+8229	6397
+9191	6398
+7312	6399
+11338	6400
+12078	6401
+12186	6402
+12162	6403
+12414	6404
+12652	6405
+12163	6406
+14618	6407
+15155	6408
+7966	6409
+15908	6410
+16029	6411
+16404	6412
+16753	6413
+16936	6414
+16979	6415
+11216	6416
+17106	6417
+17505	6418
+17754	6419
+5121	6420
+5650	6421
+4734	6422
+4676	6423
+5269	6424
+4370	6425
+3716	6426
+3734	6427
+6162	6428
+6081	6429
+5867	6430
+5581	6431
+6141	6432
+6238	6433
+6254	6434
+6333	6435
+6312	6436
+6397	6437
+6427	6438
+6696	6439
+9685	6440
+8423	6441
+11616	6442
+10910	6443
+8793	6444
+6225	6445
+6247	6446
+5958	6447
+5467	6448
+6196	6449
+6241	6450
+6292	6451
+6344	6452
+6369	6453
+6429	6454
+3766	6455
+3905	6456
+4173	6457
+4259	6458
+4288	6459
+4389	6460
+4235	6461
+4274	6462
+4569	6463
+4639	6464
+4844	6465
+4997	6466
+5280	6467
+5559	6468
+5575	6469
+5596	6470
+5632	6471
+5576	6472
+5574	6473
+5566	6474
+6025	6475
+6105	6476
+5836	6477
+5620	6478
+5495	6479
+4897	6480
+5900	6481
+6045	6482
+6184	6483
+6363	6484
+6406	6485
+6460	6486
+6527	6487
+7688	6488
+6827	6489
+8396	6490
+8352	6491
+8342	6492
+8498	6493
+8486	6494
+8487	6495
+8592	6496
+10034	6497
+9287	6498
+10830	6499
+11167	6500
+11353	6501
+11456	6502
+11596	6503
+11627	6504
+11657	6505
+9230	6506
+11810	6507
+11864	6508
+11998	6509
+33709	6510
+44362	6511
+57494	6512
+70777	6513
+64619	6514
+60279	6515
+71774	6516
+72704	6517
+73872	6518
+75068	6519
+75773	6520
+76320	6521
+2948	6522
+3461	6523
+3464	6524
+3903	6525
+3935	6526
+4050	6527
+3886	6528
+5181	6529
+5249	6530
+5386	6531
+5519	6532
+5743	6533
+5734	6534
+5965	6535
+5892	6536
+5752	6537
+5722	6538
+5736	6539
+5825	6540
+5780	6541
+5765	6542
+5897	6543
+5904	6544
+6113	6545
+6378	6546
+6596	6547
+6804	6548
+6944	6549
+7093	6550
+7099	6551
+7058	6552
+7177	6553
+7260	6554
+7215	6555
+7238	6556
+7214	6557
+7255	6558
+7474	6559
+7422	6560
+7498	6561
+7400	6562
+7395	6563
+7318	6564
+7292	6565
+7276	6566
+7184	6567
+7122	6568
+7110	6569
+7185	6570
+7236	6571
+7335	6572
+7495	6573
+7512	6574
+6058	6575
+6853	6576
+8027	6577
+8233	6578
+9274	6579
+11674	6580
+13253	6581
+15091	6582
+12802	6583
+12884	6584
+15878	6585
+16003	6586
+15930	6587
+15984	6588
+15874	6589
+16018	6590
+16183	6591
+15886	6592
+15760	6593
+15502	6594
+15149	6595
+14826	6596
+14728	6597
+14664	6598
+14642	6599
+14500	6600
+14367	6601
+14260	6602
+14028	6603
+13972	6604
+14117	6605
+14072	6606
+13747	6607
+14235	6608
+14094	6609
+13951	6610
+13708	6611
+13345	6612
+13102	6613
+12518	6614
+12118	6615
+11654	6616
+12664	6617
+12547	6618
+12555	6619
+12515	6620
+12820	6621
+12720	6622
+12474	6623
+12495	6624
+12372	6625
+12230	6626
+12082	6627
+12199	6628
+12179	6629
+12211	6630
+12329	6631
+12404	6632
+12747	6633
+12816	6634
+12872	6635
+12937	6636
+12871	6637
+12951	6638
+12875	6639
+12841	6640
+12856	6641
+12817	6642
+12804	6643
+12715	6644
+12508	6645
+12902	6646
+12883	6647
+12744	6648
+12994	6649
+13241	6650
+13232	6651
+13072	6652
+12891	6653
+13057	6654
+13163	6655
+13060	6656
+12554	6657
+13180	6658
+13312	6659
+16342	6660
+17443	6661
+17392	6662
+13351	6663
+8274	6664
+17101	6665
+17137	6666
+17327	6667
+17752	6668
+16907	6669
+17951	6670
+13048	6671
+18278	6672
+18456	6673
+18893	6674
+4861	6675
+9110	6676
+11452	6677
+21655	6678
+27517	6679
+30879	6680
+33093	6681
+37224	6682
+38374	6683
+39678	6684
+6721	6685
+3033	6686
+3956	6687
+3598	6688
+3496	6689
+3759	6690
+38779	6691
+7956	6692
+6508	6693
+5483	6694
+12257	6695
+12198	6696
+11663	6697
+11223	6698
+36661	6699
+39017	6700
+38521	6701
+39127	6702
+11522	6703
+3447	6704
+21286	6705
+21757	6706
+22087	6707
+22272	6708
+22768	6709
+22936	6710
+23229	6711
+12263	6712
+23422	6713
+25530	6714
+8637	6715
+7825	6716
+3111	6717
+3432	6718
+3570	6719
+4482	6720
+4584	6721
+4617	6722
+4662	6723
+5115	6724
+5292	6725
+5298	6726
+5236	6727
+5279	6728
+5240	6729
+5233	6730
+5532	6731
+5659	6732
+5700	6733
+5764	6734
+5781	6735
+5913	6736
+5905	6737
+5903	6738
+5802	6739
+5742	6740
+5753	6741
+5774	6742
+5891	6743
+3199	6744
+6073	6745
+7406	6746
+7117	6747
+8873	6748
+11105	6749
+11703	6750
+12458	6751
+12510	6752
+12657	6753
+13181	6754
+3686	6755
+4023	6756
+3166	6757
+4103	6758
+4325	6759
+5028	6760
+4914	6761
+4513	6762
+5303	6763
+5390	6764
+5452	6765
+5606	6766
+5486	6767
+5182	6768
+6666	6769
+6699	6770
+6778	6771
+6998	6772
+7106	6773
+7208	6774
+7290	6775
+7340	6776
+7439	6777
+6509	6778
+6456	6779
+6538	6780
+6813	6781
+6805	6782
+6809	6783
+6897	6784
+6787	6785
+6793	6786
+7971	6787
+14389	6788
+16144	6789
+23044	6790
+20880	6791
+25214	6792
+28562	6793
+28217	6794
+30969	6795
+3254	6796
+4500	6797
+4566	6798
+4148	6799
+4215	6800
+4211	6801
+4451	6802
+4557	6803
+7362	6804
+7821	6805
+9853	6806
+10989	6807
+15436	6808
+17411	6809
+19188	6810
+20758	6811
+22254	6812
+24109	6813
+25036	6814
+4045	6815
+4240	6816
+4342	6817
+4438	6818
+4704	6819
+3911	6820
+8481	6821
+9016	6822
+9052	6823
+8850	6824
+7828	6825
+6988	6826
+6235	6827
+7042	6828
+7461	6829
+7721	6830
+7755	6831
+7650	6832
+8132	6833
+7463	6834
+8394	6835
+8366	6836
+8349	6837
+8253	6838
+8217	6839
+8150	6840
+8554	6841
+7951	6842
+8092	6843
+8242	6844
+3538	6845
+3356	6846
+3339	6847
+3348	6848
+7116	6849
+8363	6850
+9072	6851
+10306	6852
+10510	6853
+12344	6854
+13588	6855
+15260	6856
+15806	6857
+3533	6858
+3611	6859
+3847	6860
+6497	6861
+6032	6862
+7327	6863
+7470	6864
+7638	6865
+7739	6866
+7727	6867
+7819	6868
+7862	6869
+3431	6870
+3623	6871
TIB	6872
+5199	6873
+5184	6874
+4165	6875
+5204	6876
+5302	6877
+5351	6878
+5272	6879
+5159	6880
+3918	6881
+4001	6882
+3652	6883
+3640	6884
+4225	6885
+4384	6886
+4830	6887
+4212	6888
+4198	6889
+4986	6890
+4223	6891
+4767	6892
+4283	6893
+3257	6894
+3187	6895
+6619	6896
+6232	6897
+6172	6898
+5291	6899
+5114	6900
+5237	6901
+6662	6902
+6706	6903
+6669	6904
+6636	6905
+6714	6906
+6895	6907
+7037	6908
+7121	6909
+7286	6910
+7508	6911
+7618	6912
+7777	6913
+7906	6914
+8158	6915
+8389	6916
+8470	6917
+8563	6918
+8903	6919
+9019	6920
+9186	6921
+9399	6922
+9659	6923
+9952	6924
+9985	6925
+9974	6926
+10033	6927
+10070	6928
+10098	6929
+10128	6930
+10105	6931
+10104	6932
+10108	6933
+10151	6934
+10225	6935
+10329	6936
+10526	6937
+10550	6938
+10737	6939
+10933	6940
+11110	6941
+11367	6942
+11555	6943
+11551	6944
+11643	6945
+11806	6946
+11923	6947
+11979	6948
+12033	6949
+12029	6950
+12108	6951
+12149	6952
+12274	6953
+12436	6954
+12459	6955
+12539	6956
+12706	6957
+12752	6958
+12839	6959
+12633	6960
+12740	6961
+13403	6962
+13668	6963
+13734	6964
+13849	6965
+13909	6966
+6572	6967
+3483	6968
+3718	6969
+3969	6970
+4642	6971
+4808	6972
+4992	6973
+5019	6974
+4933	6975
+5057	6976
+4450	6977
+4912	6978
+5352	6979
+5873	6980
+5998	6981
+6218	6982
+6317	6983
+6401	6984
+6376	6985
+6365	6986
+6644	6987
+6975	6988
+7186	6989
+7359	6990
+7454	6991
+7598	6992
+7765	6993
+7964	6994
+7979	6995
+8113	6996
+8107	6997
+8155	6998
+8176	6999
+8153	7000
+8252	7001
+8298	7002
+8338	7003
+8321	7004
+8290	7005
+8286	7006
+8219	7007
+8015	7008
+7955	7009
+7902	7010
+7950	7011
+8058	7012
+8187	7013
+8297	7014
+3942	7015
+6589	7016
+6746	7017
+7288	7018
+7364	7019
+23404	7020
+23174	7021
+4750	7022
+5760	7023
+6754	7024
+7096	7025
+6552	7026
+6834	7027
+7620	7028
+6902	7029
+7317	7030
+8216	7031
+8143	7032
+9465	7033
+11436	7034
+14505	7035
+15457	7036
+15501	7037
+15242	7038
+17109	7039
+20129	7040
+20083	7041
+20208	7042
+21990	7043
+22534	7044
+23726	7045
+23122	7046
+23278	7047
+23332	7048
+24090	7049
+23507	7050
+23251	7051
+23463	7052
+23108	7053
+22618	7054
+16.50	7055
+16.30	7056
+6424	7057
+4505	7058
+5473	7059
+5369	7060
+6070	7061
+4812	7062
+5058	7063
+5228	7064
+5235	7065
+7562	7066
+8615	7067
+8946	7068
+10253	7069
+11397	7070
+12304	7071
+13706	7072
+14406	7073
+15022	7074
+14878	7075
+5972	7076
+6101	7077
+6106	7078
+5669	7079
+4927	7080
+5363	7081
+5358	7082
+5414	7083
+5379	7084
+5388	7085
+4387	7086
+4777	7087
+4872	7088
+4089	7089
+4859	7090
+5090	7091
+5210	7092
+5067	7093
+5140	7094
+5172	7095
+5311	7096
+5350	7097
+5335	7098
+5124	7099
+5266	7100
+5424	7101
+5506	7102
+5543	7103
+5711	7104
+6085	7105
+6291	7106
+6367	7107
+6430	7108
+6524	7109
+6542	7110
+6591	7111
+6675	7112
+6653	7113
+6606	7114
+6626	7115
+6533	7116
+6540	7117
+6575	7118
+6701	7119
+7127	7120
+7133	7121
+7128	7122
+6299	7123
+6295	7124
+5683	7125
+5439	7126
+5959	7127
+6098	7128
+6018	7129
+6091	7130
+6454	7131
+6630	7132
+6760	7133
+14103	7134
+32060	7135
+20140	7136
+21055	7137
+25303	7138
+33397	7139
+37006	7140
+42783	7141
+49134	7142
+53916	7143
+62853	7144
+62571	7145
+4309	7146
+4151	7147
+3338	7148
+4611	7149
+4730	7150
+4852	7151
+3972	7152
+5817	7153
+6884	7154
+7417	7155
+7667	7156
+6198	7157
+6560	7158
+6860	7159
+6923	7160
+7712	7161
+8054	7162
+8032	7163
+8051	7164
+7952	7165
+7772	7166
+7763	7167
+8028	7168
+8251	7169
+8291	7170
+8307	7171
+8350	7172
+8368	7173
+8341	7174
+8511	7175
+8633	7176
+8713	7177
+8833	7178
+9025	7179
+9190	7180
+9236	7181
+9326	7182
+9358	7183
+9515	7184
+9605	7185
+9844	7186
+9970	7187
+10092	7188
+10145	7189
+10074	7190
+10121	7191
+10196	7192
+10226	7193
+10249	7194
+9822	7195
+10334	7196
+10493	7197
+10924	7198
+10916	7199
+10820	7200
+11056	7201
+49.89	7202
+49.01	7203
+48.99	7204
+48.98	7205
+48.97	7206
+48.95	7207
+48.94	7208
+5257	7209
+6028	7210
+6074	7211
+6084	7212
+6094	7213
+6147	7214
+3456	7215
+3872	7216
+3794	7217
+4157	7218
+4119	7219
+4286	7220
+4043	7221
+3643	7222
+3422	7223
+3409	7224
+8370	7225
+8874	7226
+9365	7227
+10977	7228
+12858	7229
+13534	7230
+13107	7231
+13907	7232
+13629	7233
+7976	7234
+7948	7235
+9905	7236
+8018	7237
+8264	7238
+10071	7239
+9329	7240
+6708	7241
+7112	7242
+12946	7243
+15752	7244
+19273	7245
+21916	7246
+23997	7247
+26960	7248
+29821	7249
+31662	7250
+33571	7251
+35234	7252
+5255	7253
+3304	7254
+3196	7255
+3310	7256
+15476	7257
+8134	7258
+13182	7259
+15554	7260
+16059	7261
+16609	7262
+14329	7263
+10716	7264
+20861	7265
+48749	7266
+96680	7267
+149914	7268
+190569	7269
+253532	7270
+265300	7271
+253088	7272
+253952	7273
+249759	7274
+258014	7275
+262830	7276
+268644	7277
+345687	7278
+348956	7279
+361258	7280
+367391	7281
+371357	7282
+377752	7283
+387807	7284
+450154	7285
+476967	7286
+487994	7287
+500803	7288
+513004	7289
+549381	7290
+559965	7291
+47512	7292
+19965	7293
+34166	7294
+37711	7295
+46756	7296
+49715	7297
+7475	7298
+7595	7299
+8478	7300
+8479	7301
+8472	7302
+8446	7303
+8522	7304
+8541	7305
+8567	7306
+8702	7307
+8957	7308
+9044	7309
+9879	7310
+10003	7311
+9701	7312
+9472	7313
+9102	7314
+8587	7315
+8061	7316
+7224	7317
+6599	7318
+5795	7319
+3994	7320
+10264	7321
+10423	7322
+10518	7323
+10808	7324
+10981	7325
+11166	7326
+11432	7327
+11678	7328
+11874	7329
+12165	7330
+5013	7331
+5274	7332
+5871	7333
+7643	7334
+8227	7335
+8534	7336
+8765	7337
+9687	7338
+9777	7339
+10759	7340
+7841	7341
+9193	7342
+10161	7343
+11055	7344
+12751	7345
+15484	7346
+15397	7347
+15968	7348
+17075	7349
+18342	7350
+19205	7351
+4807	7352
+5005	7353
+4285	7354
+4263	7355
+4471	7356
+4814	7357
+4887	7358
+5207	7359
+5397	7360
+5521	7361
+5609	7362
+6480	7363
+6732	7364
+6973	7365
+7113	7366
+7243	7367
+7388	7368
+7621	7369
+7660	7370
+7748	7371
+7815	7372
+7900	7373
+7978	7374
+8003	7375
+8033	7376
+7910	7377
+7802	7378
+7886	7379
+7936	7380
+8305	7381
+8288	7382
+8477	7383
+11668	7384
+10966	7385
+9892	7386
+9199	7387
+10732	7388
+9149	7389
+10308	7390
+10654	7391
+10321	7392
+8731	7393
+10267	7394
+10224	7395
+10111	7396
+5192	7397
+6056	7398
+7733	7399
+8167	7400
+9948	7401
+9627	7402
+9656	7403
+7241	7404
+9485	7405
+9750	7406
+11499	7407
+13452	7408
+15250	7409
+15472	7410
+3372	7411
+3113	7412
+5348	7413
+5354	7414
+5113	7415
+5064	7416
+5830	7417
+6007	7418
+7671	7419
+7575	7420
+7311	7421
+7197	7422
+7193	7423
+4488	7424
+17125	7425
+20253	7426
+13523	7427
+14913	7428
+20243	7429
+21683	7430
+21429	7431
+22812	7432
+25983	7433
+26610	7434
+28005	7435
+28241	7436
+28272	7437
+5844	7438
+6727	7439
+5179	7440
+5072	7441
+4949	7442
+5661	7443
+5762	7444
+5902	7445
+9693	7446
+9871	7447
+8475	7448
+7654	7449
+8841	7450
+8806	7451
+3695	7452
+6034	7453
+4098	7454
+7469	7455
+7425	7456
+7411	7457
+7443	7458
+7433	7459
+7432	7460
+7358	7461
+7265	7462
+7213	7463
+7426	7464
+7403	7465
+7301	7466
+7251	7467
+7200	7468
+7067	7469
+7016	7470
+6993	7471
+6882	7472
+6904	7473
+5218	7474
+6942	7475
+6950	7476
+6931	7477
+6851	7478
+6913	7479
+6971	7480
+6924	7481
+4034	7482
+3772	7483
+5808	7484
+5773	7485
+5732	7486
+5772	7487
+5586	7488
+5534	7489
+5584	7490
+151486	7491
+28472	7492
+63478	7493
+150013	7494
+159672	7495
+152882	7496
+153810	7497
+148198	7498
+153796	7499
+153109	7500
+152731	7501
+154139	7502
+6300	7503
+9063	7504
+14082	7505
+32991	7506
+43439	7507
+74556	7508
+156486	7509
+189333	7510
+231403	7511
+281808	7512
+294310	7513
+325809	7514
+326001	7515
+6012	7516
+6080	7517
+6068	7518
+6003	7519
+4382	7520
+5804	7521
+6868	7522
+7858	7523
+9601	7524
+11175	7525
+11459	7526
+11679	7527
+12224	7528
+12793	7529
+108472	7530
+114914	7531
+80000	7532
+8829	7533
+57599	7534
+50000	7535
+105260	7536
+110111	7537
+110013	7538
+100338	7539
+110636	7540
+110570	7541
+112195	7542
+8900	7543
+9491	7544
+8861	7545
+8859	7546
+8813	7547
+8940	7548
+8803	7549
+8818	7550
+8880	7551
+9066	7552
+5394	7553
+8659	7554
+13119	7555
+21043	7556
+22769	7557
+43443	7558
+50601	7559
+61481	7560
+61998	7561
+73991	7562
+81282	7563
+89161	7564
+77164	7565
+3592	7566
+3528	7567
+5198	7568
+3854	7569
+6598	7570
+6812	7571
+9228	7572
+10624	7573
+13738	7574
+15066	7575
+27419	7576
+34493	7577
+36027	7578
+52772	7579
+40641	7580
+30514	7581
+33334	7582
+37319	7583
+5423	7584
+5426	7585
+5540	7586
+5553	7587
+85760	7588
+17500	7589
+17778	7590
+18110	7591
+18547	7592
+19039	7593
+19482	7594
+19572	7595
+19708	7596
+19822	7597
+18517	7598
+19882	7599
+27836	7600
+35400	7601
+54800	7602
+37700	7603
+38100	7604
+46900	7605
+55324	7606
+61000	7607
+68000	7608
+64418	7609
+69000	7610
+70595	7611
+75000	7612
+77000	7613
+78150	7614
+80500	7615
+85000	7616
+85700	7617
+84900	7618
+86349	7619
+86300	7620
+87000	7621
+87100	7622
+87400	7623
+87533	7624
+87769	7625
+87800	7626
+86943	7627
+86310	7628
+85855	7629
+84259	7630
+83665	7631
+4994	7632
+5250	7633
+4851	7634
+4961	7635
+5132	7636
+4567	7637
+4659	7638
+4743	7639
+4719	7640
+4447	7641
+4399	7642
+4282	7643
+4541	7644
+5055	7645
+5037	7646
+5101	7647
+5166	7648
+5427	7649
+12500	7650
+24000	7651
+29900	7652
+33800	7653
+42082	7654
+28070	7655
+41219	7656
+60434	7657
+79785	7658
+152373	7659
+130448	7660
+128795	7661
+122712	7662
+116930	7663
+5993	7664
+6272	7665
+7167	7666
+7219	7667
+7757	7668
+7916	7669
+8808	7670
+9423	7671
+4817	7672
+4796	7673
+4580	7674
+4551	7675
+4319	7676
+470.17	7677
+508.9	7678
+800.01	7679
+1669.61	7680
+7685	7681
+280415	7682
+301706	7683
+291040	7684
+10666	7685
+307496	7686
+10201	7687
+270214	7688
+312012	7689
+317245	7690
+306013	7691
+11232	7692
+321845	7693
+310183	7694
+324002	7695
+325069	7696
+11944	7697
+313125	7698
+7961	7699
+9284	7700
+18006	7701
+17790	7702
+19285	7703
+14765	7704
+15505	7705
+17445	7706
+24036	7707
+16719	7708
+19105	7709
+22780	7710
+5152	7711
+7854	7712
+9105	7713
+6657	7714
+4379	7715
+9244	7716
+10065	7717
+11791	7718
+20095	7719
+14918	7720
+22163	7721
+24736	7722
+7920	7723
+14976	7724
+20016	7725
+23686	7726
+25268	7727
+28645	7728
+32236	7729
+33637	7730
+35634	7731
+38499	7732
+40943	7733
+6485	7734
+5589	7735
+12428	7736
+10404	7737
+10256	7738
+12280	7739
+12401	7740
+12544	7741
+12913	7742
+12960	7743
+12955	7744
+9430	7745
+13043	7746
+13001	7747
+13121	7748
+6910	7749
+15486	7750
+10322	7751
+7298	7752
+11505	7753
+11585	7754
+11524	7755
+11907	7756
+12071	7757
+12341	7758
+12358	7759
+12332	7760
03153011	7761
+8786	7762
+9675	7763
+9308	7764
+9008	7765
+9036	7766
+8243	7767
+6447	7768
+7545	7769
+7077	7770
+6769	7771
+5963	7772
+5737	7773
+4252	7774
+4245	7775
+8488	7776
+6.99	7777
+6.7	7778
+8.08	7779
+9.65	7780
+9.34	7781
+9.48	7782
+8.96	7783
+9.32	7784
+8.65	7785
+6.59	7786
+6.18	7787
+6.91	7788
+7.68	7789
+7.36	7790
+8.44	7791
+8.25	7792
+7.46	7793
+6.98	7794
+7.91	7795
+8.29	7796
+7.14	7797
+7.54	7798
+8.43	7799
+8.52	7800
+8.48	7801
+7.83	7802
+7.09	7803
+5.95	7804
+5.36	7805
+5.55	7806
+4095	7807
+5547	7808
+5187	7809
+5707	7810
BHD	7811
HSD	7812
HCR	7813
HCA	7814
AHB	7815
HLB	7816
+5186	7817
+5315	7818
+5163	7819
+5136	7820
+5151	7821
+5551	7822
+5564	7823
+5677	7824
+5735	7825
+5917	7826
+5884	7827
+5919	7828
+6042	7829
+6150	7830
+6311	7831
+6374	7832
+6478	7833
+6331	7834
+4311	7835
+6290	7836
+6169	7837
+5981	7838
+6531	7839
+6574	7840
+6613	7841
+6595	7842
+6570	7843
+6462	7844
+6402	7845
+6326	7846
+6183	7847
+5942	7848
+5846	7849
+6455	7850
+6249	7851
+6289	7852
+6450	7853
+6431	7854
+6475	7855
+6409	7856
+6476	7857
+6521	7858
+6530	7859
+6592	7860
+6593	7861
+6564	7862
+4434	7863
+5232	7864
+6131	7865
+6210	7866
+6189	7867
+6285	7868
+6396	7869
+6227	7870
+6223	7871
+5915	7872
+6059	7873
+6103	7874
+6269	7875
+6296	7876
+6180	7877
+6387	7878
+6494	7879
+6563	7880
+6504	7881
+6420	7882
+6512	7883
+6620	7884
+6710	7885
+6720	7886
+6918	7887
+7190	7888
+6157	7889
+5245	7890
+7075	7891
+7191	7892
+7171	7893
+7277	7894
+7476	7895
+7554	7896
+7656	7897
+7867	7898
+8070	7899
+5578	7900
+5592	7901
+11899	7902
+11474	7903
+11705	7904
+12648	7905
+13756	7906
+14435	7907
+5907	7908
+6066	7909
+6329	7910
+6554	7911
+6605	7912
+6556	7913
+6481	7914
+6474	7915
+6517	7916
+6439	7917
+6412	7918
+6446	7919
+6368	7920
+6345	7921
+6310	7922
+5980	7923
+5936	7924
+6224	7925
+6191	7926
+6146	7927
+6171	7928
+6055	7929
+5928	7930
+5893	7931
+5831	7932
+5807	7933
+5810	7934
+5832	7935
+44327	7936
+49806	7937
+49016	7938
+50397	7939
+50960	7940
+52250	7941
+51267	7942
+52616	7943
+51612	7944
+52797	7945
+52980	7946
+51852	7947
+11887	7948
+17182	7949
+10350	7950
+14632	7951
+16046	7952
+18349	7953
+24689	7954
+26919	7955
+29923	7956
+34492	7957
+36010	7958
+39562	7959
+43785	7960
+8046	7961
+10430	7962
+15539	7963
+16217	7964
+16393	7965
+18050	7966
+18009	7967
+19501	7968
+20469	7969
+21374	7970
+22089	7971
+22884	7972
+23932	7973
+4751	7974
+5613	7975
+5783	7976
+6132	7977
+4444	7978
+4528	7979
+4585	7980
+4269	7981
+4278	7982
+38.01	7983
+6968	7984
+6609	7985
+6334	7986
+6952	7987
+7878	7988
+3848	7989
+4006	7990
+4202	7991
+5686	7992
+9097	7993
+12972	7994
+15059	7995
+20994	7996
+27544	7997
+30461	7998
+35519	7999
+38139	8000
+40877	8001
+42926	8002
+46477	8003
+3049	8004
+6353	8005
+6217	8006
+6640	8007
+7361	8008
+4776	8009
+4554	8010
+4415	8011
+4988	8012
+5512	8013
+5295	8014
+6610	8015
+4255	8016
+4641	8017
+4692	8018
+4764	8019
+5164	8020
+5194	8021
+5049	8022
+5297	8023
+5092	8024
+5317	8025
+5343	8026
+6133	8027
+6315	8028
+5729	8029
+5945	8030
+6251	8031
+6280	8032
+6649	8033
+6668	8034
+6690	8035
+6753	8036
+7154	8037
+7304	8038
+7795	8039
+7931	8040
+8076	8041
+8308	8042
+8465	8043
+8773	8044
+8883	8045
+8520	8046
+8549	8047
+9081	8048
+9332	8049
+9788	8050
+10083	8051
+10215	8052
+10646	8053
+10766	8054
+10831	8055
+11001	8056
+11121	8057
+11134	8058
+11206	8059
+11184	8060
+11168	8061
+11160	8062
+11164	8063
+11035	8064
+11043	8065
+11116	8066
+11402	8067
+11345	8068
+12119	8069
+8499	8070
+9171	8071
+9101	8072
+9124	8073
+9196	8074
+9289	8075
+8622	8076
+9291	8077
+9407	8078
+3484.360	8079
+3391.110	8080
+93.238	8081
+17681	8082
+18542	8083
+14759	8084
+17064	8085
+18078	8086
+21505	8087
+21780	8088
+23417	8089
+23952	8090
+25596	8091
+26741	8092
+28019	8093
+7617	8094
+11251	8095
+14974	8096
+18320	8097
+19774	8098
+22617	8099
+26695	8100
+29757	8101
+32868	8102
+34336	8103
+37111	8104
+21235	8105
+30174	8106
+29639	8107
+35710	8108
+38568	8109
+40394	8110
+44418	8111
+48469	8112
+55438	8113
+55826	8114
+56340	8115
+5118	8116
+7293	8117
+7295	8118
+19568	8119
+19595	8120
+19498	8121
+19566	8122
+19423	8123
+19543	8124
+8299	8125
+13076	8126
+16909	8127
+18340	8128
+6340	8129
+6019	8130
+6165	8131
+6487	8132
+7170	8133
+7246	8134
+7609	8135
+7732	8136
+7781	8137
+7904	8138
+7869	8139
+8093	8140
+8810	8141
+8998	8142
+9280	8143
+9270	8144
+9338	8145
+9380	8146
+9536	8147
+9369	8148
+9422	8149
+9498	8150
+9744	8151
+10586	8152
+10936	8153
+11008	8154
+10976	8155
+11182	8156
+11171	8157
+11294	8158
+11409	8159
+11464	8160
+11550	8161
+11595	8162
+11621	8163
+11694	8164
+11764	8165
+11785	8166
+11846	8167
+11799	8168
+11713	8169
+11659	8170
+11689	8171
+11673	8172
+11766	8173
+12055	8174
+11881	8175
+11995	8176
+4745	8177
+4441	8178
+4310	8179
+5036	8180
+5405	8181
+4464	8182
+4858	8183
+4393	8184
+4369	8185
+4365	8186
+10903	8187
+12317	8188
+10932	8189
+8453	8190
+12346	8191
+12351	8192
+12432	8193
+12520	8194
+12805	8195
+12941	8196
+13319	8197
+13419	8198
+8956	8199
+10037	8200
+12968	8201
+13373	8202
+14279	8203
+15827	8204
+16139	8205
+5673	8206
+6181	8207
+5421	8208
+5470	8209
+5211	8210
+5229	8211
+5614	8212
+5537	8213
+3463	8214
+7155	8215
+6978	8216
+7379	8217
+7853	8218
+8319	8219
+6946	8220
+7159	8221
+3230	8222
+7012	8223
+8090	8224
+15258	8225
+22736	8226
+24807	8227
+27735	8228
+32375	8229
+34942	8230
+39724	8231
+40603	8232
+44342	8233
+47719	8234
+54529	8235
+59838	8236
+60964	8237
+67844	8238
+6590	8239
+18093	8240
+29892	8241
+32199	8242
+45379	8243
+30861	8244
+55580	8245
+59240	8246
+68986	8247
+45499	8248
+34056	8249
+68678	8250
+67681	8251
+68167	8252
+69187	8253
+69928	8254
+55398	8255
+70527	8256
+71381	8257
+72444	8258
+4508	8259
+1.9	8260
+2.1	8261
+7699	8262
+10049	8263
+14807	8264
+17999	8265
+19154	8266
+26753	8267
+28357	8268
+33108	8269
+42910	8270
+48845	8271
+64841	8272
+67889	8273
+6857	8274
+6926	8275
+6982	8276
+6986	8277
+6896	8278
+6888	8279
+6854	8280
+6877	8281
+6837	8282
+6872	8283
+6889	8284
+6933	8285
+6830	8286
+6874	8287
+6682	8288
+6656	8289
+6581	8290
+6562	8291
+6671	8292
+6615	8293
+6377	8294
+6434	8295
+6464	8296
+5723	8297
+5679	8298
+5368	8299
+5538	8300
+5471	8301
+5485	8302
+5436	8303
+5449	8304
+6716	8305
+11195	8306
+12825	8307
+14676	8308
+14833	8309
+15683	8310
+15835	8311
+17102	8312
+6899	8313
+6818	8314
+6518	8315
+8353	8316
+11589	8317
+14466	8318
+13853	8319
+14862	8320
+16657	8321
+19253	8322
+19242	8323
+19668	8324
+19218	8325
+7568	8326
+8276	8327
+8119	8328
+9571	8329
+15956	8330
+17822	8331
+23716	8332
+25948	8333
+27184	8334
+29216	8335
+33586	8336
+35780	8337
+37454	8338
+7962	8339
+7990	8340
+7926	8341
+7892	8342
+7724	8343
+7629	8344
+7440	8345
+7066	8346
+6948	8347
+7022	8348
+7661	8349
+7635	8350
+7455	8351
+7348	8352
+7434	8353
+7572	8354
+7530	8355
+7670	8356
+5093	8357
+5169	8358
+5254	8359
+5106	8360
+5150	8361
+4821	8362
+5682	8363
+7734	8364
+8878	8365
+9726	8366
+9776	8367
+10275	8368
+11342	8369
+5469	8370
+16.99	8371
+17.01	8372
+4383	8373
+7932	8374
+10817	8375
+12836	8376
+12213	8377
+12137	8378
+13587	8379
+15357	8380
+14535	8381
+7655	8382
+7708	8383
+13268	8384
+13878	8385
+15078	8386
+17276	8387
+19915	8388
+21186	8389
+22489	8390
+24923	8391
+25236	8392
+5716	8393
+5655	8394
+5588	8395
+5476	8396
+5258	8397
+5824	8398
+6573	8399
+6759	8400
+5248	8401
+6273	8402
+5384	8403
+4870	8404
+4760	8405
+4687	8406
+11557	8407
+18091	8408
+34014	8409
+46338	8410
+82675	8411
+100899	8412
+134042	8413
+201564	8414
+241420	8415
+315474	8416
+395934	8417
+540828	8418
+809958	8419
+731424	8420
+874579	8421
+879709	8422
+5287	8423
+4553	8424
+5670	8425
+5680	8426
+5785	8427
+6009	8428
+7797	8429
+9643	8430
+10538	8431
+10761	8432
+11611	8433
+4361	8434
+4680	8435
+4345	8436
+4292	8437
+4254	8438
+4302	8439
+16409	8440
+40405	8441
+45458	8442
+81615	8443
+103510	8444
+103668	8445
+97860	8446
+102009	8447
+96578	8448
+94535	8449
+99290	8450
+5.4	8451
+6597	8452
+5890	8453
+4747	8454
+6207	8455
+6647	8456
+6694	8457
+6916	8458
+7045	8459
+7073	8460
+6992	8461
+6917	8462
+7108	8463
+7157	8464
+6164	8465
+6175	8466
+6325	8467
+6405	8468
+10618	8469
+12385	8470
+8311	8471
+7589	8472
+7789	8473
+7409	8474
+8344	8475
+8480	8476
+8877	8477
+9290	8478
+9738	8479
+9713	8480
+7974	8481
+8075	8482
+8081	8483
+8127	8484
+7982	8485
+7847	8486
+7827	8487
+7798	8488
+7707	8489
+7848	8490
+7736	8491
+7749	8492
+7850	8493
+7851	8494
+7831	8495
+7516	8496
+13289	8497
+14842	8498
+17360	8499
+19773	8500
+21996	8501
+25936	8502
+28443	8503
+29470	8504
+30652	8505
+32330	8506
+6469	8507
+7269	8508
+7480	8509
+52.442	8510
+49.905	8511
+2.115	8512
